[ -60.5         -58.          -41.83333333  -35.          -38.7
  -41.91666667  -43.35714286 -110.125       -98.22222222  -93.65
  -90.36363636  -87.29166667  -81.30769231  -76.03571429  -74.66666667
  -70.6875      -67.47058824  -64.33333333  -63.76315789  -63.55
  -61.04761905  -58.59090909  -81.15217391  -80.16666667  -77.04
  -76.09615385  -74.37037037  -72.05357143  -70.60344828  -70.23333333
  -69.9516129   -68.078125    -66.24242424  -65.98529412  -64.38571429
  -62.59722222  -62.47297297  -62.28947368  -61.06410256  -59.6125
  -58.92682927  -57.76190476  -57.63953488  -57.64772727  -56.53333333
  -56.59782609  -56.0212766   -54.85416667  -54.03061224  -53.55
  -52.71568627  -51.84615385  -51.00943396  -50.2037037   -49.58181818
  -48.92857143  -49.00877193  -48.3362069   -47.70338983  -46.90833333
  -46.25409836  -45.66129032  -45.14285714  -44.609375    -44.72307692
  -44.82575758  -52.7761194   -52.02941176  -51.27536232  -50.58571429
  -50.67605634  -50.01388889  -50.12328767  -49.48648649  -48.82666667
  -48.94078947  -48.34415584  -48.45512821  -48.49367089  -48.53125
  -48.56790123  -48.69512195  -48.28313253  -47.83928571  -47.27647059
  -46.75        -46.37931034  -45.90340909  -46.06741573  -46.15
  -45.67582418  -45.33695652  -45.41397849  -44.93085106  -44.56315789
  -44.69270833  -44.2628866   -43.92346939  -43.55555556  -43.675     ]