[-0.08       -0.08       -0.09333333 -0.1        -0.096      -0.08
 -0.06857143 -0.075      -0.08       -0.08       -0.07636364 -0.08
 -0.08307692 -0.08571429 -0.088      -0.09       -0.09176471 -0.09333333
 -0.09263158 -0.088      -0.08952381 -0.08545455 -0.08695652 -0.08833333
 -0.0896     -0.09076923 -0.09185185 -0.09142857 -0.09241379 -0.092
 -0.0916129  -0.08875    -0.08848485 -0.08588235 -0.08571429 -0.08333333
 -0.08432432 -0.08526316 -0.08307692 -0.083      -0.08390244 -0.08190476
 -0.0827907  -0.08363636 -0.08444444 -0.08521739 -0.08595745 -0.08666667
 -0.08734694 -0.088      -0.08784314 -0.08846154 -0.08830189 -0.08888889
 -0.08727273 -0.08642857 -0.08701754 -0.08689655 -0.08745763 -0.088
 -0.08786885 -0.08645161 -0.08698413 -0.086875   -0.08738462 -0.08787879
 -0.08656716 -0.08705882 -0.08753623 -0.08742857 -0.08788732 -0.08666667
 -0.08712329 -0.08756757 -0.0864     -0.08631579 -0.08519481 -0.08512821
 -0.08506329 -0.0855     -0.08444444 -0.08341463 -0.08240964 -0.08285714
 -0.08329412 -0.08232558 -0.08137931 -0.08045455 -0.08089888 -0.08133333
 -0.08175824 -0.08217391 -0.08215054 -0.08212766 -0.08252632 -0.08291667
 -0.08329897 -0.08367347 -0.0840404  -0.084     ]