[-56.         -54.5        -53.83333333 -54.         -53.6
 -53.75       -53.64285714 -53.375      -53.44444444 -53.5
 -53.5        -53.375      -53.34615385 -53.25       -53.33333333
 -53.40625    -53.32352941 -53.16666667 -53.18421053 -53.125
 -53.19047619 -53.25       -53.19565217 -53.27083333 -53.28
 -53.26923077 -53.31481481 -53.21428571 -53.17241379 -53.13333333
 -53.12903226 -53.140625   -53.16666667 -53.14705882 -53.2
 -53.20833333 -53.13513514 -53.13157895 -53.08974359 -53.125
 -53.14634146 -53.11904762 -53.10465116 -53.10227273 -53.1
 -53.10869565 -53.10638298 -53.16666667 -53.16326531 -53.14
 -53.16666667 -53.21153846 -53.21698113 -53.22222222 -53.21818182
 -53.24107143 -53.22807018 -53.22413793 -53.23728814 -53.25
 -53.2704918  -53.25806452 -53.27777778 -53.296875   -53.3
 -53.28030303 -53.2761194  -53.25       -53.26086957 -53.27142857
 -53.26056338 -53.27083333 -53.28082192 -53.29054054 -53.31333333
 -53.30263158 -53.2987013  -53.28205128 -53.29746835 -53.29375
 -53.2962963  -53.31097561 -53.3253012  -53.32142857 -53.31764706
 -53.3255814  -53.33333333 -53.34659091 -53.35393258 -53.35
 -53.37362637 -53.38043478 -53.38709677 -53.38297872 -53.38947368
 -53.36979167 -53.35051546 -53.33163265 -53.33838384 -53.335     ]