[ 0.          0.          0.          0.          0.          0.
 -0.01142857 -0.025      -0.03555556 -0.04       -0.03636364 -0.03333333
 -0.03076923 -0.03428571 -0.04       -0.0375     -0.04       -0.04222222
 -0.04       -0.038      -0.04190476 -0.04363636 -0.04173913 -0.04
 -0.0432     -0.04615385 -0.04444444 -0.04285714 -0.04413793 -0.04533333
 -0.04387097 -0.0425     -0.04121212 -0.04       -0.04114286 -0.04
 -0.04216216 -0.04105263 -0.04       -0.039      -0.03804878 -0.04
 -0.04186047 -0.04272727 -0.04177778 -0.04347826 -0.04255319 -0.04166667
 -0.04326531 -0.0424     -0.04313725 -0.04461538 -0.04603774 -0.04518519
 -0.04654545 -0.04571429 -0.04631579 -0.04551724 -0.04677966 -0.046
 -0.04721311 -0.04774194 -0.04698413 -0.04625    -0.04676923 -0.04606061
 -0.04716418 -0.04823529 -0.04869565 -0.048      -0.04901408 -0.05
 -0.0509589  -0.05027027 -0.05066667 -0.05       -0.05090909 -0.05179487
 -0.05113924 -0.052      -0.05135802 -0.05073171 -0.05012048 -0.05047619
 -0.04988235 -0.05023256 -0.04965517 -0.04909091 -0.04853933 -0.048
 -0.04747253 -0.04782609 -0.04860215 -0.0493617  -0.04968421 -0.05041667
 -0.05072165 -0.05020408 -0.05050505 -0.05      ]