[ 0.         -0.06       -0.04       -0.03       -0.024      -0.02
 -0.03428571 -0.03       -0.02666667 -0.024      -0.02909091 -0.02666667
 -0.03076923 -0.03428571 -0.032      -0.0325     -0.03058824 -0.03555556
 -0.03368421 -0.036      -0.03428571 -0.03636364 -0.03652174 -0.03666667
 -0.0368     -0.03538462 -0.03407407 -0.03714286 -0.04       -0.03866667
 -0.04       -0.03875    -0.03757576 -0.03647059 -0.03542857 -0.03666667
 -0.03567568 -0.03578947 -0.03692308 -0.036      -0.03609756 -0.0352381
 -0.03627907 -0.03545455 -0.03555556 -0.03478261 -0.03404255 -0.03583333
 -0.03510204 -0.036      -0.03686275 -0.03615385 -0.03773585 -0.03703704
 -0.03636364 -0.03571429 -0.03508772 -0.03517241 -0.03457627 -0.036
 -0.03540984 -0.03612903 -0.0368254  -0.038125   -0.03753846 -0.03818182
 -0.03761194 -0.03705882 -0.03768116 -0.03714286 -0.03830986 -0.03944444
 -0.03945205 -0.03891892 -0.0384     -0.03789474 -0.0374026  -0.03692308
 -0.0364557  -0.036      -0.03555556 -0.03512195 -0.03518072 -0.0347619
 -0.03435294 -0.03395349 -0.03356322 -0.03318182 -0.03280899 -0.03244444
 -0.03208791 -0.0326087  -0.03354839 -0.03319149 -0.03284211 -0.0325
 -0.03216495 -0.03306122 -0.03272727 -0.0324    ]