[ 39.33999825  41.8599987   24.73999914  14.92999935  21.2279995
  24.66333262  27.98571369 -47.93000031 -42.93777805 -33.90600033
 -26.97454591 -20.85833375 -19.98461577 -19.0928575  -14.86133372
 -14.62000036 -14.70117681 -14.49555588 -11.28947399  -8.70600038
  -8.81523845  -8.73272761 -33.54173938 -30.38000031 -29.2448003
 -26.29769263 -26.41777809 -25.81357173 -25.95931063 -23.74800034
 -21.74387132 -21.37687534 -20.95636397 -19.09470625 -18.8348575
 -18.31166702 -16.68594634 -15.07894777 -15.06410296 -14.76250038
 -15.17170769 -15.04857179 -13.59674456 -12.33681859 -12.22933373
 -11.0856526  -11.47829829 -11.23916707 -11.30571469 -11.68040039
 -11.66705921 -11.58692345 -11.50981169 -11.43555592 -11.51854581
 -11.54500035 -10.52807052 -10.51896585 -10.52711897 -10.35166699
 -10.29672163 -10.28387128 -10.32698444 -10.3375003   -9.44123107
  -8.56454576 -17.08358237 -16.86176498 -16.61739157 -16.42285741
 -15.58760589 -15.41277803 -14.62849343 -14.47135162 -14.27840027
 -13.53342134 -13.39662366 -12.67512848 -11.90227877 -11.14825029
 -10.41283981  -9.7878052   -9.84457863  -9.85833364  -9.74235325
  -9.65232589  -9.70804628  -9.64886393  -9.09842728  -8.48155586
  -8.42131899  -8.48739161  -7.88666697  -7.80276626  -7.82589504
  -7.29770863  -7.25340236  -7.29163294  -7.29373766  -6.77700029]