[-0.12       -0.12       -0.12       -0.12       -0.112      -0.11333333
 -0.09714286 -0.1        -0.10666667 -0.108      -0.10545455 -0.09666667
 -0.10153846 -0.1        -0.10133333 -0.1025     -0.10352941 -0.09777778
 -0.09894737 -0.1        -0.0952381  -0.09636364 -0.09565217 -0.095
 -0.096      -0.09538462 -0.09185185 -0.09142857 -0.09241379 -0.09466667
 -0.09548387 -0.095      -0.09575758 -0.09647059 -0.09714286 -0.09777778
 -0.09513514 -0.09578947 -0.09333333 -0.091      -0.09170732 -0.09238095
 -0.09209302 -0.09272727 -0.09333333 -0.09391304 -0.09191489 -0.09333333
 -0.09387755 -0.0952     -0.09568627 -0.09384615 -0.09433962 -0.09555556
 -0.096      -0.09428571 -0.09473684 -0.09517241 -0.09559322 -0.09466667
 -0.0957377  -0.09677419 -0.09777778 -0.09625    -0.096      -0.09454545
 -0.09552239 -0.09411765 -0.09391304 -0.09428571 -0.09521127 -0.09555556
 -0.09589041 -0.09675676 -0.09706667 -0.09578947 -0.0961039  -0.09641026
 -0.09670886 -0.0955     -0.09580247 -0.09609756 -0.09590361 -0.0947619
 -0.09505882 -0.09534884 -0.09517241 -0.09545455 -0.09438202 -0.09466667
 -0.09450549 -0.09521739 -0.09548387 -0.09574468 -0.09473684 -0.09541667
 -0.09484536 -0.09510204 -0.09535354 -0.0944    ]