[-50.5        -51.5        -51.16666667 -51.5        -51.3
 -52.33333333 -52.35714286 -52.375      -52.33333333 -52.3
 -52.18181818 -52.25       -52.19230769 -52.25       -52.2
 -52.59375    -52.58823529 -52.47222222 -52.47368421 -52.4
 -52.33333333 -52.36363636 -52.36956522 -52.625      -52.68
 -52.71153846 -52.74074074 -52.58928571 -52.5862069  -52.53333333
 -52.72580645 -52.71875    -52.72727273 -52.73529412 -52.71428571
 -52.66666667 -51.36486486 -51.35526316 -51.35897436 -51.5125
 -51.54878049 -51.58333333 -51.59302326 -51.72727273 -51.74444444
 -51.79347826 -51.80851064 -51.82291667 -51.86734694 -51.98
 -52.         -51.99038462 -52.00943396 -51.94444444 -52.06363636
 -52.08928571 -52.06140351 -52.05172414 -52.05932203 -52.05
 -52.03278689 -52.02419355 -51.26984127 -51.265625   -51.26923077
 -51.29545455 -51.29104478 -51.30882353 -51.29710145 -51.28571429
 -51.32394366 -51.34722222 -51.45205479 -51.43918919 -51.46
 -51.48684211 -51.5        -51.48717949 -51.49367089 -51.48125
 -51.55555556 -51.58536585 -51.65662651 -51.61904762 -51.61176471
 -51.60465116 -51.62068966 -51.64204545 -51.66292135 -51.74444444
 -51.75274725 -51.77173913 -51.7688172  -51.78723404 -51.80526316
 -51.81770833 -51.83505155 -51.80102041 -51.81313131 -51.82      ]