[ -7.         -13.         -15.16666667 -16.625      -17.2
 -18.08333333 -15.5        -14.3125     -13.33333333 -12.7
 -11.95454545 -12.33333333 -15.88461538 -14.75       -13.86666667
 -13.         -13.70588235 -13.11111111 -12.42105263 -11.8
 -11.38095238 -11.61363636 -11.95652174 -11.45833333 -11.
 -10.86538462 -10.94444444 -10.66071429 -10.86206897 -10.6
 -10.40322581 -10.546875   -10.36363636 -10.26470588  -9.97142857
  -9.73611111  -9.91891892 -10.15789474 -10.05128205 -10.325
 -10.47560976 -10.36904762 -10.1627907   -9.93181818  -9.77777778
 -10.05434783 -10.24468085 -10.09375    -10.03061224 -10.3
 -10.47058824 -10.35576923 -10.18867925 -10.13888889 -10.3
 -10.45535714 -10.56140351 -10.37931034 -10.30508475 -10.35
 -10.29508197 -10.39516129 -10.34920635 -11.1875     -11.03846154
 -11.84090909 -11.68656716 -11.79411765 -11.89855072 -11.75
 -11.88028169 -11.94444444 -11.84246575 -11.90540541 -11.76666667
 -11.71052632 -11.61688312 -11.50641026 -11.41772152 -11.275
 -11.37037037 -11.23170732 -11.29518072 -11.16071429 -11.11764706
 -11.20930233 -11.14942529 -11.03977273 -11.13483146 -11.08888889
 -11.04945055 -11.01086957 -11.11827957 -11.20212766 -11.1
 -11.1875     -11.1443299  -11.1377551  -11.05555556 -11.18      ]