[-48.         -50.         -49.33333333 -49.625      -49.9
 -41.83333333 -35.85714286 -38.0625     -39.77777778 -40.6
 -41.72727273 -42.70833333 -43.42307692 -44.32142857 -44.83333333
 -45.28125    -45.91176471 -46.27777778 -46.68421053 -44.35
 -45.         -43.68181818 -44.         -44.4375     -44.74
 -44.82692308 -44.94444444 -45.16071429 -45.44827586 -45.91666667
 -46.35483871 -45.34375    -45.77272727 -44.47058824 -44.57142857
 -43.33333333 -43.58108108 -43.80263158 -43.12820513 -43.325
 -43.63414634 -42.63095238 -42.84883721 -43.03409091 -43.3
 -43.40217391 -43.67021277 -43.73958333 -43.90816327 -44.1
 -44.2745098  -44.45192308 -44.61320755 -44.65740741 -44.1
 -44.25892857 -44.35964912 -44.47413793 -44.60169492 -44.7
 -44.81967213 -44.12096774 -44.29365079 -44.3515625  -44.46153846
 -44.5530303  -44.         -44.13970588 -44.34057971 -44.47857143
 -44.64084507 -44.15277778 -44.26027397 -44.38513514 -44.00666667
 -44.09868421 -43.64935065 -43.74358974 -43.84177215 -43.94375
 -43.59876543 -43.06707317 -42.71686747 -42.875      -42.98235294
 -42.5        -42.09770115 -41.63636364 -41.73033708 -41.86111111
 -41.92857143 -42.0326087  -42.16129032 -42.27659574 -42.38947368
 -42.55208333 -42.66494845 -42.76020408 -42.91414141 -43.08      ]