[-0.08       -0.08       -0.09333333 -0.09       -0.096      -0.1
 -0.10285714 -0.105      -0.10222222 -0.1        -0.10181818 -0.10333333
 -0.10461538 -0.10571429 -0.104      -0.105      -0.10588235 -0.10666667
 -0.10736842 -0.108      -0.10857143 -0.10909091 -0.10956522 -0.11
 -0.1088     -0.10923077 -0.10814815 -0.10857143 -0.10896552 -0.10933333
 -0.10967742 -0.11       -0.10909091 -0.10941176 -0.10857143 -0.10888889
 -0.10918919 -0.10947368 -0.10974359 -0.11       -0.1102439  -0.11047619
 -0.10976744 -0.10909091 -0.10933333 -0.10956522 -0.10978723 -0.11
 -0.11020408 -0.1104     -0.11058824 -0.11076923 -0.1109434  -0.11111111
 -0.11127273 -0.11071429 -0.11017544 -0.10965517 -0.10983051 -0.11
 -0.1095082  -0.10967742 -0.10984127 -0.109375   -0.10953846 -0.10969697
 -0.10985075 -0.11       -0.11014493 -0.10971429 -0.10985915 -0.10944444
 -0.10958904 -0.10918919 -0.1088     -0.10894737 -0.10857143 -0.10820513
 -0.10835443 -0.1085     -0.10864198 -0.10878049 -0.10891566 -0.10904762
 -0.10917647 -0.10883721 -0.10896552 -0.10909091 -0.10921348 -0.10933333
 -0.10945055 -0.10913043 -0.10924731 -0.10893617 -0.10905263 -0.10916667
 -0.10927835 -0.10897959 -0.10868687 -0.1088    ]