[43.87999916 45.39999914 46.05999915 45.88999915 46.29599934 46.14333264
 46.24857071 46.51999938 46.44888825 46.39199934 46.39090841 46.51499931
 46.54307622 46.63857072 46.55733267 46.48374933 46.56588167 46.72444381
 46.70631514 46.76699939 46.70285656 46.6445449  46.69999948 46.62416613
 46.61439945 46.62461483 46.57851795 46.67999945 46.72137875 46.75999943
 46.76516071 46.75312442 46.72666607 46.74705822 46.69371368 46.68499939
 46.75891832 46.76210466 46.80358914 46.76799939 46.74634084 46.77333271
 46.78837146 46.79045391 46.79244381 46.78347762 46.78638233 46.72583268
 46.72897894 46.75199934 46.72509738 46.67999933 46.67433895 46.66888822
 46.67345387 46.65107077 46.66385898 46.66827519 46.65559255 46.64333266
 46.62262227 46.63548319 46.61555487 46.59624931 46.59292239 46.61242355
 46.61701423 46.64294048 46.63188336 46.62228503 46.63295706 46.62249931
 46.61232807 46.60297228 46.5799993  46.59052561 46.59480449 46.61128135
 46.59620184 46.6002493  46.59753016 46.58268223 46.56867401 46.57238026
 46.57646989 46.5683714  46.56137862 46.54795385 46.54134763 46.54511043
 46.521318   46.51478192 46.50838641 46.51233973 46.50610457 46.52562431
 46.54515395 46.56428504 46.55818115 46.56139933]