[-0.12       -0.06       -0.04       -0.03       -0.04       -0.03333333
 -0.02857143 -0.025      -0.03555556 -0.032      -0.03636364 -0.03333333
 -0.03692308 -0.03428571 -0.032      -0.03       -0.03529412 -0.03333333
 -0.03789474 -0.036      -0.03428571 -0.03272727 -0.03130435 -0.03
 -0.0288     -0.03076923 -0.02962963 -0.02857143 -0.02758621 -0.02666667
 -0.02580645 -0.025      -0.02424242 -0.02352941 -0.02628571 -0.02666667
 -0.02918919 -0.02842105 -0.02769231 -0.027      -0.02926829 -0.02857143
 -0.02790698 -0.02727273 -0.02755556 -0.02695652 -0.02638298 -0.02583333
 -0.02530612 -0.0248     -0.02431373 -0.02384615 -0.02339623 -0.02296296
 -0.02254545 -0.02357143 -0.02385965 -0.02344828 -0.02305085 -0.02466667
 -0.0242623  -0.02516129 -0.0247619  -0.024375   -0.024      -0.02363636
 -0.02328358 -0.02294118 -0.0226087  -0.02228571 -0.02197183 -0.02333333
 -0.0230137  -0.0227027  -0.0224     -0.02210526 -0.02181818 -0.02153846
 -0.02126582 -0.021      -0.02074074 -0.0204878  -0.02024096 -0.02095238
 -0.02070588 -0.02046512 -0.02022989 -0.02       -0.01977528 -0.01955556
 -0.01934066 -0.01913043 -0.01892473 -0.02       -0.01978947 -0.01958333
 -0.01938144 -0.02040816 -0.02060606 -0.0216    ]