[-0.08       -0.04       -0.05333333 -0.06       -0.048      -0.05333333
 -0.06285714 -0.07       -0.07555556 -0.076      -0.07636364 -0.08
 -0.08307692 -0.08571429 -0.088      -0.09       -0.08941176 -0.09111111
 -0.09052632 -0.092      -0.09333333 -0.09272727 -0.09217391 -0.09333333
 -0.0896     -0.09076923 -0.09185185 -0.09285714 -0.0937931  -0.09466667
 -0.09419355 -0.095      -0.09575758 -0.09294118 -0.09257143 -0.09333333
 -0.09297297 -0.09368421 -0.09435897 -0.095      -0.09560976 -0.09333333
 -0.09302326 -0.09363636 -0.09422222 -0.09478261 -0.09531915 -0.09333333
 -0.09387755 -0.0936     -0.09411765 -0.09384615 -0.09433962 -0.09481481
 -0.09454545 -0.095      -0.09473684 -0.09448276 -0.09423729 -0.09466667
 -0.09508197 -0.09548387 -0.0952381  -0.095625   -0.09415385 -0.09393939
 -0.09432836 -0.09411765 -0.09449275 -0.09485714 -0.09521127 -0.09555556
 -0.09424658 -0.09459459 -0.09493333 -0.09526316 -0.09558442 -0.09589744
 -0.0956962  -0.0955     -0.09432099 -0.09463415 -0.09493976 -0.0952381
 -0.09552941 -0.0944186  -0.09471264 -0.09454545 -0.09483146 -0.09466667
 -0.09494505 -0.09478261 -0.09505376 -0.09489362 -0.09473684 -0.09375
 -0.09360825 -0.09387755 -0.09373737 -0.0936    ]