[-64.         -32.         -39.16666667 -34.375      -30.6
 -26.75       -22.92857143 -26.75       -26.05555556 -28.15
 -25.72727273 -27.5        -25.61538462 -25.10714286 -24.66666667
 -24.09375    -25.44117647 -26.63888889 -26.05263158 -24.75
 -23.71428571 -24.77272727 -24.60869565 -24.45833333 -23.48
 -22.86538462 -22.64814815 -22.55357143 -23.39655172 -23.18333333
 -22.93548387 -22.859375   -23.68181818 -24.41176471 -23.71428571
 -24.36111111 -24.95945946 -24.75       -24.15384615 -23.55
 -23.35365854 -23.9047619  -23.81395349 -24.34090909 -23.8
 -23.73913043 -23.62765957 -23.45833333 -23.3877551  -24.2
 -24.11764706 -23.95192308 -24.49056604 -24.40740741 -23.96363636
 -23.5625     -23.51754386 -24.09482759 -23.73728814 -23.36666667
 -22.98360656 -22.61290323 -22.25396825 -21.9296875  -22.36153846
 -22.34090909 -22.05223881 -21.75       -21.43478261 -21.82142857
 -21.53521127 -21.45138889 -21.15753425 -21.52702703 -21.46666667
 -21.18421053 -21.16883117 -20.99358974 -20.96202532 -20.79375
 -20.57407407 -20.34146341 -20.09638554 -20.48214286 -20.45882353
 -20.45348837 -20.4137931  -20.18181818 -20.14606742 -20.14444444
 -20.45604396 -20.26630435 -20.21505376 -20.01595745 -19.80526316
 -19.59895833 -19.39690722 -19.78061224 -19.58080808 -19.46      ]