[ 0.         21.69000006 13.96000004 10.47000003  7.47600002  6.23000002
 11.7514286   9.03250003  8.02888891  5.12600002 -0.11999997 -0.10999997
  3.58461541  6.82285718  5.36800003  1.99875003  1.8811765   4.24222226
  4.0189474   2.23900003  2.06095241  4.10000003  3.26782612  2.50500003
  2.02320004  1.94538465  1.81777781  3.35571432  4.73586211  4.52800004
  2.68580649  2.46125004  2.09878791  1.4194118   1.03600003  0.13000003
  0.12648652 -0.1278947  -1.47282048 -1.51099997 -1.62146338 -1.93999997
 -0.78046508 -1.10363633 -1.29111108 -1.26304345 -1.23617018 -0.2858333
 -0.3718367   0.61400003  1.52196082  1.08884619  1.90566041  1.87037041
  1.83636367  1.80357146  1.77192986  0.90448279  0.88915258  1.61400003
  1.51377053  2.24612907  2.97111115  3.60250004  3.54707696  4.21939398
  4.15641795  4.09529415  3.57826091  3.49857146  4.07436623  4.62027782
  4.47424661  4.41378382  4.07493337  4.02131583  3.93012991  3.87974362
  3.67873421  3.63275003  3.55086423  3.47097564  3.35638558  3.26285718
  3.11270592  3.07651166  3.04114946  2.89295458  2.86044947  2.61200003
  2.47340662  2.9782609   3.42881724  3.29127663  3.25663161  3.19145836
  3.13793818  3.54857146  3.5127273   3.47760003]