[-48.07999992  -0.07999992  17.24000009  25.27499986  30.0039999
  24.75333325  21.21714279  24.36249971  26.80888844  19.3199996
  21.83272691  23.87833285  25.7246148   27.0214279   28.41199938
  29.62874943  30.46705818  31.40666601  32.17052565  30.56199937
  31.10095179  28.95999943  29.82608638  30.47416604  31.1703994
  32.00538404  32.74148093  33.31928519  33.7696546   33.99133279
  34.19870915  32.69249949  32.92666617  31.91411717  29.62857097
  28.80555511  29.30756711  29.79631529  28.58358926  29.09199953
  29.45268243  28.7157138   29.16139487  29.60954497  29.9488884
  30.4256517   30.71191439  31.17374951  31.5146934   31.81199949
  32.10823478  32.38269177  32.65698059  33.03148095  32.17636311
  32.44035663  32.74631527  33.0251719   33.27694862  33.5453328
  33.78098308  33.21193497  33.39714233  32.12406199  32.37415333
  32.63181766  32.03283531  32.243823    32.38347774  32.57685661
  32.73605579  32.1494439   32.36493095  32.55432375  31.90693277
  32.13078892  31.59012932  31.81230715  32.0225311   32.22074944
  31.62543154  31.23975555  30.69469825  30.85166611  31.05199943
  30.67348781  30.23471209  29.87409036  30.09887585  30.27977721
  30.5171423   30.71130378  30.87483815  31.04553135  31.21220995
  31.32333277  31.47855612  31.64591778  31.74929234  31.83599942]