[-0.12       -0.06       -0.08       -0.06       -0.048      -0.04
 -0.03428571 -0.045      -0.04       -0.044      -0.04       -0.04333333
 -0.04       -0.03714286 -0.03466667 -0.0325     -0.03529412 -0.03777778
 -0.03578947 -0.034      -0.03238095 -0.03454545 -0.03304348 -0.03166667
 -0.0304     -0.02923077 -0.02814815 -0.02714286 -0.02896552 -0.028
 -0.02709677 -0.02625    -0.02909091 -0.03176471 -0.03085714 -0.03222222
 -0.03351351 -0.03263158 -0.03179487 -0.031      -0.0302439  -0.03142857
 -0.03069767 -0.03181818 -0.03111111 -0.03043478 -0.02978723 -0.02916667
 -0.02857143 -0.0304     -0.02980392 -0.02923077 -0.0309434  -0.03037037
 -0.02981818 -0.02928571 -0.02877193 -0.03034483 -0.02983051 -0.02933333
 -0.02885246 -0.0283871  -0.02793651 -0.0275     -0.02892308 -0.02848485
 -0.0280597  -0.02764706 -0.02724638 -0.02857143 -0.02816901 -0.02777778
 -0.02739726 -0.02810811 -0.02773333 -0.02736842 -0.02701299 -0.02666667
 -0.02632911 -0.026      -0.02567901 -0.02536585 -0.02506024 -0.02619048
 -0.02588235 -0.0255814  -0.02528736 -0.025      -0.0247191  -0.02444444
 -0.02549451 -0.02521739 -0.02494624 -0.02468085 -0.02442105 -0.02416667
 -0.02391753 -0.02489796 -0.02464646 -0.0244    ]