[-53.5        -54.5        -53.16666667 -53.375      -53.4
 -53.5        -45.85714286 -46.6875     -48.05555556 -48.5
 -48.90909091 -45.95833333 -47.07692308 -47.53571429 -47.73333333
 -48.125      -48.44117647 -45.75       -46.23684211 -46.625
 -44.4047619  -44.68181818 -45.08695652 -45.375      -45.7
 -45.94230769 -44.24074074 -44.57142857 -44.84482759 -45.26666667
 -45.5483871  -45.75       -45.98484848 -46.20588235 -46.38571429
 -46.61111111 -45.75675676 -45.89473684 -45.06410256 -43.975
 -44.14634146 -44.3452381  -44.52325581 -44.70454545 -44.91111111
 -45.11956522 -44.15957447 -44.46875    -44.66326531 -44.98
 -45.12745098 -44.25961538 -44.45283019 -44.75       -44.93636364
 -44.13392857 -44.31578947 -44.48275862 -44.66101695 -44.81666667
 -45.07377049 -45.32258065 -45.56349206 -44.8515625  -44.96153846
 -44.3030303  -44.52238806 -44.06617647 -44.1884058  -44.27857143
 -44.46478873 -44.59722222 -44.73972603 -44.93243243 -45.03333333
 -44.63815789 -44.75974026 -44.87820513 -45.         -44.4375
 -44.53703704 -44.64634146 -44.74096386 -44.38690476 -44.51764706
 -44.62790698 -44.7183908  -44.78977273 -44.28651685 -44.41111111
 -44.5        -44.6576087  -44.75806452 -44.82446809 -44.49473684
 -44.63020833 -44.72680412 -44.82142857 -44.8989899  -44.6       ]