[-55.         -53.5        -54.33333333 -41.125      -43.9
 -45.16666667 -46.57142857 -47.4375     -48.38888889 -48.9
 -49.27272727 -49.45833333 -49.76923077 -50.03571429 -50.33333333
 -50.40625    -50.47058824 -50.58333333 -50.63157895 -50.9
 -48.69047619 -48.97727273 -49.23913043 -47.25       -47.54
 -47.69230769 -47.90740741 -48.16071429 -48.31034483 -48.45
 -48.67741935 -47.6875     -47.84848485 -48.01470588 -47.12857143
 -47.25       -46.16216216 -46.39473684 -45.20512821 -44.1125
 -44.34146341 -44.53571429 -44.72093023 -44.89772727 -44.05555556
 -44.25       -44.43617021 -44.61458333 -44.78571429 -44.92
 -45.06862745 -44.52884615 -44.67924528 -43.85185185 -44.01818182
 -44.1875     -44.34210526 -44.52586207 -44.6779661  -44.825
 -44.96721311 -45.09677419 -44.45238095 -44.6171875  -44.73846154
 -44.89393939 -44.47761194 -44.58088235 -43.93478261 -44.04285714
 -44.21126761 -44.3125     -43.70547945 -43.81081081 -43.91333333
 -44.03947368 -44.18181818 -44.30128205 -44.43670886 -44.53125
 -44.66049383 -44.76829268 -44.84939759 -44.36904762 -44.46470588
 -44.5872093  -44.67816092 -44.76136364 -44.87640449 -44.99444444
 -44.68681319 -44.76086957 -44.27956989 -44.37234043 -44.44736842
 -44.54166667 -44.62886598 -44.69897959 -44.7979798  -44.885     ]