[ 0.          0.          0.          0.         -1.3        -1.08333333
  6.63142858 11.7249999  15.63111104  9.30999994  8.46363631  7.63333329
  7.0461538   9.96571425 12.35999991 11.58749992 13.8129411  15.98555549
 15.14421046 14.31199994 15.76761895 17.22909082 16.21913035 15.29333325
 16.49679989 17.74230755 16.84444431 16.24285701 14.04206884 15.17133322
 14.68193537 14.22312489 13.61030293 13.07764696 14.1159999  13.55722213
 14.4308107  14.05105252 13.69076912 13.34849989 13.02292673 13.84095226
 14.6209301  15.37772714 15.03599987 15.73913029 15.37234028 15.05208319
 15.74244883 15.42759985 16.06470574 16.64769215 17.18981115 16.87148131
 17.38981802 17.07928555 15.91859633 15.64413778 16.20745746 15.82899984
 16.32983589 16.83935467 16.4450792  16.18812484 15.18399984 14.93121196
 15.38567149 15.84147042 14.96579694 14.75199984 15.21154913 15.63055539
 16.0312327  15.73351334 16.20933317 15.99605247 16.40363619 16.78794854
 16.57544286 16.92924981 16.72024673 16.51634128 16.31734922 16.75309506
 16.47952923 15.76953471 15.51356305 15.33727256 15.09752792 14.84088872
 14.61186797 13.9358694  14.27935467 14.62085089 15.00821035 15.32979149
 14.71216477 14.56204064 14.89393922 14.68499983]