[44.91999912 46.39999962 45.55999947 33.7949996  36.0199995  38.07999945
 39.05142798 39.96749938 40.40222157 40.99999943 41.53454486 42.10499938
 42.43692244 42.72142792 42.898666   43.24374938 43.54588172 43.75888824
 44.00420992 43.99799938 41.68857084 41.83363576 41.96608635 40.15499942
 40.3639994  40.67230709 40.88518457 41.02928509 41.24827523 41.45266603
 41.54709613 39.71749938 39.93454482 40.12411701 38.49199938 38.76666604
 37.52972912 37.72315728 36.75589684 35.79949942 36.05756039 36.32714226
 36.58418545 36.82954485 35.85555496 36.09521679 36.32468025 36.54541606
 36.75632592 36.98879938 37.1925484  36.150384   36.36226354 35.68888828
 35.8930903  36.08035653 36.26982394 36.41827524 36.58711804 36.75033272
 36.90885184 37.0696768  36.40984066 36.54281189 36.70953784 36.83393877
 36.03044715 36.21205821 35.68724577 35.86857082 35.98140784 36.15361049
 35.65835556 35.83026966 35.99813273 36.13473624 36.24831108 36.37820452
 36.4863285  36.62924938 36.73160432 36.84975547 36.98867407 36.49476129
 36.62282291 36.71883658 36.84137868 36.9672721  37.05617914 37.13755492
 36.54263674 36.67173851 36.27741874 36.39021215 36.51642043 36.61916605
 36.72494783 36.84387693 36.93010038 37.02459938]