[-0.16       -0.14       -0.09333333 -0.07       -0.072      -0.08666667
 -0.08571429 -0.305      -0.27111111 -0.256      -0.24727273 -0.23333333
 -0.21538462 -0.2        -0.19466667 -0.1825     -0.17176471 -0.16222222
 -0.15789474 -0.156      -0.14857143 -0.14181818 -0.21565217 -0.21333333
 -0.2048     -0.20153846 -0.19555556 -0.18857143 -0.18344828 -0.18133333
 -0.17935484 -0.17375    -0.16848485 -0.16823529 -0.16342857 -0.15888889
 -0.15891892 -0.15789474 -0.15384615 -0.15       -0.14731707 -0.14380952
 -0.14325581 -0.14363636 -0.14044444 -0.14       -0.13787234 -0.135
 -0.1322449  -0.1304     -0.12784314 -0.12538462 -0.12301887 -0.12074074
 -0.11854545 -0.11642857 -0.11578947 -0.1137931  -0.11186441 -0.11
 -0.10819672 -0.10645161 -0.1047619  -0.103125   -0.10276923 -0.10242424
 -0.12835821 -0.12647059 -0.12463768 -0.12285714 -0.1228169  -0.12111111
 -0.12164384 -0.12       -0.1184     -0.11894737 -0.1174026  -0.1174359
 -0.11746835 -0.117      -0.11654321 -0.11707317 -0.11566265 -0.11428571
 -0.11294118 -0.11162791 -0.11034483 -0.10909091 -0.10966292 -0.10933333
 -0.10813187 -0.10695652 -0.10709677 -0.10595745 -0.10484211 -0.105
 -0.10391753 -0.10285714 -0.10181818 -0.102     ]