[-57.         -38.75       -30.33333333 -28.25       -34.1
 -31.83333333 -27.28571429 -25.9375     -29.38888889 -27.8
 -29.63636364 -27.29166667 -28.88461538 -27.89285714 -27.6
 -26.34375    -28.14705882 -27.36111111 -29.10526316 -27.875
 -27.26190476 -26.63636364 -26.06521739 -25.04166667 -24.26
 -25.38461538 -24.66666667 -24.26785714 -23.68965517 -22.9
 -22.40322581 -21.875      -21.43939394 -21.42647059 -22.5
 -22.34722222 -23.37837838 -23.15789474 -23.1025641  -22.525
 -23.36585366 -22.95238095 -22.45348837 -22.42045455 -22.3
 -21.81521739 -21.41489362 -21.08333333 -21.09183673 -20.94
 -20.96078431 -20.97115385 -20.71698113 -20.33333333 -20.34545455
 -21.00892857 -20.93859649 -20.95689655 -20.6779661  -21.34166667
 -21.06557377 -21.58870968 -21.57936508 -21.5859375  -21.25384615
 -21.15909091 -20.84328358 -20.84558824 -20.84782609 -20.65714286
 -20.59859155 -21.13194444 -20.84246575 -20.60135135 -20.38666667
 -20.17763158 -19.93506494 -19.67948718 -19.60126582 -19.525
 -19.37654321 -19.20731707 -19.24096386 -19.58333333 -19.35294118
 -19.21511628 -19.05747126 -18.90909091 -18.92696629 -18.71666667
 -18.57692308 -18.42391304 -18.44623656 -18.89361702 -18.69473684
 -18.72395833 -18.54639175 -18.9744898  -18.95454545 -19.37      ]