[-53.5        -53.25       -41.33333333 -44.375      -45.8
 -48.66666667 -49.28571429 -49.5625     -50.05555556 -50.6
 -50.63636364 -51.04166667 -51.23076923 -51.42857143 -51.46666667
 -49.125      -49.26470588 -49.47222222 -49.55263158 -49.775
 -49.88095238 -48.40909091 -48.7173913  -48.85416667 -49.12
 -47.23076923 -47.44444444 -47.73214286 -46.53448276 -45.48333333
 -45.74193548 -46.         -46.28787879 -46.5        -46.75714286
 -47.         -47.17567568 -47.34210526 -47.51282051 -47.6125
 -47.7195122  -47.82142857 -47.97674419 -48.14772727 -48.27777778
 -48.58695652 -48.64893617 -48.75       -48.85714286 -48.91
 -48.2254902  -48.32692308 -48.46226415 -48.55555556 -48.64545455
 -48.73214286 -48.8245614  -48.24137931 -48.29661017 -48.35
 -48.39344262 -48.58870968 -48.70634921 -48.8125     -48.86153846
 -48.9469697  -49.04477612 -49.08088235 -49.17391304 -49.20714286
 -49.24647887 -49.3125     -49.38356164 -49.53378378 -49.58
 -49.63815789 -49.68181818 -49.71153846 -49.08227848 -49.10625
 -49.13580247 -49.18902439 -49.23493976 -49.2797619  -49.32352941
 -49.37790698 -49.44827586 -49.5        -49.54494382 -49.56666667
 -49.16483516 -49.23369565 -49.30107527 -49.35106383 -49.48947368
 -49.625      -49.64948454 -49.69387755 -49.72727273 -49.86      ]