[  0.         -28.25       -19.33333333 -14.5        -12.5
 -10.41666667 -16.78571429 -15.9375     -14.16666667 -14.85
 -18.27272727 -16.75       -19.46153846 -21.71428571 -21.26666667
 -22.96875    -21.61764706 -23.5        -22.26315789 -22.725
 -21.71428571 -23.13636364 -22.7826087  -22.45833333 -21.94
 -21.09615385 -20.37037037 -21.60714286 -22.81034483 -22.1
 -23.08064516 -22.5        -22.10606061 -22.07352941 -21.78571429
 -22.05555556 -21.45945946 -21.14473684 -21.94871795 -21.475
 -21.09756098 -20.95238095 -21.6744186  -21.52272727 -21.25555556
 -20.79347826 -20.35106383 -21.08333333 -20.74489796 -21.35
 -21.97058824 -21.95192308 -22.58490566 -22.16666667 -21.76363636
 -21.375      -21.         -21.47413793 -21.11016949 -21.68333333
 -21.40163934 -21.91129032 -22.38888889 -22.921875   -22.56923077
 -23.01515152 -22.67164179 -22.33823529 -22.47101449 -22.17857143
 -22.64788732 -23.11805556 -22.88356164 -22.57432432 -22.55333333
 -22.25657895 -22.00649351 -21.72435897 -21.60126582 -21.33125
 -21.10493827 -20.88414634 -20.70481928 -20.51190476 -20.38235294
 -20.14534884 -19.9137931  -19.80113636 -19.57865169 -19.57777778
 -19.47252747 -19.81521739 -20.19354839 -20.07978723 -19.86842105
 -19.69270833 -19.51030928 -19.8877551  -19.68686869 -19.49      ]