[48.42000008 48.4199996  48.40666612 49.40999937 49.10399933 48.8999993
 48.82571357 47.83249938 47.89777724 47.84999952 47.21636321 46.68833296
 46.77999959 46.78714241 47.16266619 47.2074995  47.24705831 47.22666619
 47.23473639 47.46699953 47.48666618 47.36818132 47.39043431 47.38999951
 47.41119953 47.42923029 47.42888843 47.40928524 47.39103399 47.35733283
 47.37419304 47.38999948 47.39090859 47.41999949 47.56285662 47.58555502
 47.56648597 47.56157845 45.00564054 45.06499951 45.12146292 45.17523759
 45.22744134 45.27727222 45.26844393 45.4121734  45.47531862 45.5358328
 45.57346885 45.61959946 45.66392104 45.67769177 45.7286787  45.71296242
 45.75236308 45.67499946 45.72315736 45.648965   45.68677914 45.72333282
 45.75114704 44.17258015 44.20761855 44.33593699 44.39046104 44.44333285
 44.479701   44.5149995  44.57101399 44.68314235 44.7281685  44.83499948
 44.88356112 44.98540488 45.03119947 45.06868367 45.09922025 45.14179434
 45.18278427 45.21649946 45.24320933 45.28146287 45.31277053 45.34333279
 45.37317592 45.46674364 45.4944822  45.48749944 44.39078597 44.429555
 44.47296648 44.51586901 44.5466661  44.5134037  44.54884155 44.55229111
 44.58659737 44.62571372 44.66403984 44.69619944]