[35.87999916 17.93999958 27.41999944 15.56499958  9.35199966  6.54333305
  5.60857119 10.70499969  7.2377775  11.80599976 10.59636341 14.12333314
 12.80615366 10.56999983  8.63199984  7.12374985  9.81764692 12.2122221
 10.75368409 10.21599989  9.58666656 11.55636354 10.14086947  8.84333324
  8.48959991  7.8746153   6.95333325  5.99071421  7.60896545  6.7886666
  6.06967735  5.23937494  6.59212112  7.90941165  7.68342846  8.9399999
 10.14216207  9.42789464  9.14769222  8.91899991  8.32341455  9.39714277
  8.71348829  9.71818174  9.50222215  8.83913036  8.25744674  7.76249993
  7.1959183   7.76959991  7.22509796  6.78807684  7.55396217  7.04370361
  6.91563627  6.76535705  6.27824552  6.90931024  6.74135583  6.6039999
  6.49573761  6.39096765  6.28952372  6.16781241  6.84030759  6.41848475
  6.27791035  6.16352931  6.0742028   6.72142846  6.6056337   6.29861101
  6.21232866  6.82324314  6.5055999   6.4199999   6.07688302  5.90282042
  5.59392396  5.43024991  5.32617275  5.24292674  5.17975895  5.68214276
  5.39764696  5.10232548  4.84827577  4.79318172  4.54831451  4.27555546
  4.79318671  4.70847816  4.4911827   4.42744671  4.38084201  4.33520824
  4.29051537  4.68428561  4.6369696   4.5155999 ]