[-54.         -29.75       -40.16666667 -43.375      -38.
 -40.66666667 -42.42857143 -43.8125     -45.05555556 -46.
 -47.36363636 -47.83333333 -48.23076923 -48.60714286 -49.
 -49.28125    -49.5        -49.69444444 -49.92105263 -50.
 -50.23809524 -50.40909091 -50.47826087 -50.52083333 -48.5
 -48.67307692 -48.85185185 -49.01785714 -49.15517241 -49.35
 -49.46774194 -49.65625    -49.77272727 -48.30882353 -48.41428571
 -48.54166667 -48.66216216 -48.76315789 -48.88461538 -48.95
 -49.02439024 -47.85714286 -48.         -48.11363636 -48.23333333
 -48.33695652 -48.44680851 -47.73958333 -47.81632653 -47.95
 -48.09803922 -48.17307692 -48.27358491 -48.36111111 -48.43636364
 -48.51785714 -48.70175439 -48.79310345 -48.86440678 -48.91666667
 -48.97540984 -49.08064516 -49.16666667 -49.234375   -48.73076923
 -48.81060606 -48.86567164 -48.91176471 -49.         -49.05714286
 -49.0915493  -49.18055556 -48.73287671 -48.7972973  -48.83333333
 -48.88157895 -48.92857143 -48.98717949 -49.03797468 -49.10625
 -48.5        -48.54878049 -48.60843373 -48.69047619 -48.74117647
 -48.1744186  -48.23563218 -48.27840909 -48.3258427  -48.37222222
 -48.42857143 -48.48369565 -48.53225806 -48.59042553 -48.63157895
 -48.18229167 -48.23195876 -48.28571429 -48.32323232 -48.385     ]