[46.37999821 46.62999868 25.25333246 30.54499912 34.11199932 34.57999945
 36.33714226 37.84249949 38.73555501 39.29999952 40.17090867 40.52166621
 40.97230728 41.3228567  41.75999959 38.27499962 38.86941136 39.31666623
 39.81999959 40.12299953 40.49238051 37.85636321 38.13999956 38.54583291
 38.77919956 37.28769189 37.64296253 37.88357098 36.12896508 34.42466625
 34.81161247 35.15749955 35.43696927 35.75999958 36.00628529 36.23888845
 36.51297255 36.77263117 37.00615342 37.29149959 37.5497557  37.7957139
 37.97209265 38.11772689 38.29022183 38.27130396 38.48723367 38.6516663
 38.7991833  38.99079962 37.95176433 38.114615   38.23282981 38.38370334
 38.52909055 38.66928533 38.79578907 37.86827546 38.04644027 38.21933293
 38.39409797 38.40999962 38.49682502 38.58874962 38.73169193 38.83242387
 38.91522351 39.05499963 39.13217354 39.26428535 39.38563344 39.47583295
 39.55671195 39.55432396 39.65199964 39.733947   39.82675289 39.92999964
 39.42455661 39.54274966 39.65234534 39.73487771 39.82096351 39.90547584
 39.98752907 40.05604618 40.10574678 40.17136328 40.24157268 40.3324441
 39.74637328 39.79673878 39.84602115 39.91021241 39.88399964 39.85833298
 39.94103058 40.00163229 40.07111075 40.03959965]