[-0.08       -0.1        -0.10666667 -0.08       -0.08       -0.08666667
 -0.09142857 -0.095      -0.09777778 -0.1        -0.10181818 -0.10333333
 -0.10153846 -0.1        -0.10133333 -0.1        -0.10117647 -0.10222222
 -0.10105263 -0.102      -0.09714286 -0.09818182 -0.09913043 -0.095
 -0.096      -0.09692308 -0.0962963  -0.09571429 -0.09655172 -0.09733333
 -0.09806452 -0.095      -0.09575758 -0.09647059 -0.09371429 -0.09444444
 -0.09189189 -0.09263158 -0.09025641 -0.088      -0.08878049 -0.08952381
 -0.09023256 -0.09090909 -0.08888889 -0.08956522 -0.09021277 -0.09
 -0.09061224 -0.0912     -0.09176471 -0.09       -0.09056604 -0.08888889
 -0.08872727 -0.08928571 -0.08982456 -0.09034483 -0.09084746 -0.09133333
 -0.09114754 -0.0916129  -0.09015873 -0.09       -0.09046154 -0.09030303
 -0.08895522 -0.08941176 -0.08811594 -0.08857143 -0.08901408 -0.08944444
 -0.08821918 -0.08864865 -0.08853333 -0.08894737 -0.08935065 -0.08974359
 -0.08962025 -0.0895     -0.08938272 -0.08926829 -0.08963855 -0.08857143
 -0.08894118 -0.08930233 -0.08965517 -0.08954545 -0.08988764 -0.09022222
 -0.08923077 -0.08913043 -0.08817204 -0.08851064 -0.08884211 -0.08916667
 -0.08948454 -0.08979592 -0.09010101 -0.0904    ]