[-51.5        -51.5        -51.5        -50.5        -50.8
 -51.         -51.07142857 -52.0625     -52.         -52.05
 -52.68181818 -53.20833333 -53.11538462 -53.10714286 -52.73333333
 -52.6875     -52.64705882 -52.66666667 -52.65789474 -52.425
 -52.4047619  -52.52272727 -52.5        -52.5        -52.48
 -52.46153846 -52.46296296 -52.48214286 -52.5        -52.53333333
 -52.51612903 -52.5        -52.5        -52.47058824 -52.32857143
 -52.30555556 -52.32432432 -52.32894737 -52.32051282 -52.325
 -52.32926829 -52.33333333 -52.3372093  -52.34090909 -52.4
 -52.30434783 -52.28723404 -52.27083333 -52.2755102  -52.27
 -52.26470588 -52.28846154 -52.27358491 -52.32407407 -52.31818182
 -52.42857143 -52.4122807  -52.51724138 -52.50847458 -52.5
 -52.5        -52.49193548 -52.50793651 -52.4296875  -52.42307692
 -52.41666667 -52.42537313 -52.43382353 -52.42028986 -52.35
 -52.34507042 -52.27777778 -52.26712329 -52.2027027  -52.19333333
 -52.19078947 -52.19480519 -52.18589744 -52.17721519 -52.175
 -52.17901235 -52.17073171 -52.1686747  -52.16666667 -52.16470588
 -52.09883721 -52.09770115 -52.13068182 -52.12921348 -52.12777778
 -52.12087912 -52.11413043 -52.11827957 -52.18617021 -52.18421053
 -52.21354167 -52.21134021 -52.20408163 -52.1969697  -52.195     ]