[ 4.28799992e+01  1.11899996e+01  2.95999972e+00 -3.28000021e+00
  5.85999966e+00  1.46666638e+00  1.25714261e+00 -9.62500215e-01
  3.90888860e+00  2.16799974e+00  6.69090887e+00  6.00833313e+00
  9.53999982e+00  7.78714269e+00  5.70133317e+00  4.87624985e+00
  7.11176452e+00  5.93888871e+00  7.69894715e+00  7.08899980e+00
  6.03714266e+00  5.14909072e+00  4.33826069e+00  4.09499983e+00
  3.71119984e+00  5.35384596e+00  4.93333315e+00  4.27499982e+00
  3.86896535e+00  3.73999983e+00  3.37741919e+00  3.09999985e+00
  2.77878773e+00  2.07941162e+00  3.18799986e+00  2.62611098e+00
  3.61945931e+00  3.12947354e+00  2.51076909e+00  2.44799986e+00
  3.43414618e+00  3.20952366e+00  3.09999985e+00  2.55227258e+00
  2.11688875e+00  2.07086943e+00  1.96297859e+00  1.80749987e+00
  1.33183660e+00  1.03519987e+00  5.83529285e-01  1.58846030e-01
  1.43395010e-02  1.40739547e-02 -3.68000117e-01  3.96071298e-01
  9.01753108e-02 -2.90689781e-01 -3.62034022e-01  3.00333198e-01
  2.21639211e-01  9.66774048e-01  6.18095095e-01  2.64687359e-01
  2.60615246e-01  2.93938030e-02  2.89550895e-02 -2.80294250e-01
 -5.80579841e-01 -6.79428700e-01 -9.02253648e-01 -3.21944568e-01
 -3.17534368e-01 -3.53783904e-01 -4.09066785e-01 -4.62894854e-01
 -4.76363752e-01 -4.70256524e-01 -6.35189986e-01 -7.96000111e-01
 -8.78765542e-01 -9.35122060e-01 -1.18891577e+00 -5.56666772e-01
 -5.50117751e-01 -6.30930335e-01 -6.86896653e-01 -7.47272827e-01
 -9.69213582e-01 -9.58444542e-01 -1.01384625e+00 -1.05173923e+00
 -1.26086031e+00 -8.28510741e-01 -8.19789575e-01 -1.03520843e+00
 -1.04000010e+00 -6.27551127e-01 -7.93333439e-01 -3.91600113e-01]