[49.37999916 48.37999916 48.71333249 48.3799994  48.57999935 47.54666599
 47.52285644 47.50999928 47.55111037 47.58399925 47.70181743 47.63333257
 47.69384546 47.63571358 47.68799934 47.29374933 47.30117579 47.41666598
 47.41473615 47.48799934 47.55428505 47.52545387 47.52086888 47.26499931
 47.2095993  47.17923007 47.14962892 47.30071361 47.30344759 47.35599931
 47.16322511 47.1699993  47.16121142 47.15411694 47.17485643 47.22222153
 45.82432365 45.90473617 45.96923009 45.87949932 45.90390175 45.92714217
 45.97255744 45.89090839 45.9239993  45.92304277 45.95404185 45.98374931
 45.98163196 45.9095993  45.92941108 45.97653778 45.99358422 46.09333266
 46.00763569 46.01571362 46.07473618 46.11448209 46.13593153 46.17333266
 46.21770424 46.25257997 45.44698346 45.50062434 45.54492242 45.56515085
 45.6146262  45.64058757 45.69478194 45.7474279  45.7492951  45.76555489
 45.69862947 45.74891825 45.76399933 45.77263092 45.79350583 45.83948651
 45.86531579 45.90924933 45.86567834 45.86585298 45.82385475 45.88999933
 45.9251758  45.95953421 45.97011427 45.97477205 45.98022405 45.92355489
 45.93955977 45.94434715 45.97096707 45.97531847 45.97957827 45.98895765
 45.99381376 46.04877485 46.05717105 46.07039933]