[-0.12       -0.12       -0.12       -0.12       -0.12       -0.12
 -0.12       -0.115      -0.11555556 -0.116      -0.11636364 -0.11666667
 -0.11384615 -0.11428571 -0.112      -0.1125     -0.11058824 -0.11111111
 -0.11157895 -0.112      -0.11238095 -0.11090909 -0.10956522 -0.11
 -0.1104     -0.10923077 -0.10962963 -0.11       -0.11034483 -0.11066667
 -0.11096774 -0.11125    -0.11151515 -0.11058824 -0.11085714 -0.11111111
 -0.10810811 -0.10842105 -0.10769231 -0.108      -0.10829268 -0.10857143
 -0.10883721 -0.10909091 -0.10933333 -0.10956522 -0.10978723 -0.11
 -0.11020408 -0.1104     -0.10980392 -0.11       -0.11018868 -0.11037037
 -0.11054545 -0.10928571 -0.10947368 -0.10965517 -0.10983051 -0.11
 -0.11016393 -0.11032258 -0.10857143 -0.10875    -0.10892308 -0.10909091
 -0.10925373 -0.10941176 -0.10956522 -0.10971429 -0.10985915 -0.10944444
 -0.10958904 -0.10918919 -0.10933333 -0.10894737 -0.10909091 -0.10923077
 -0.10936709 -0.1095     -0.10962963 -0.1097561  -0.10987952 -0.11
 -0.11011765 -0.11023256 -0.11034483 -0.11045455 -0.10966292 -0.10977778
 -0.10989011 -0.11       -0.10967742 -0.10978723 -0.10989474 -0.11
 -0.10927835 -0.10938776 -0.10949495 -0.1096    ]