[-0.12       -0.1        -0.10666667 -0.11       -0.104      -0.10666667
 -0.10857143 -0.105      -0.10666667 -0.108      -0.10909091 -0.11
 -0.11076923 -0.11142857 -0.10933333 -0.11       -0.11058824 -0.10888889
 -0.10947368 -0.108      -0.10666667 -0.10545455 -0.10434783 -0.105
 -0.1056     -0.10615385 -0.10666667 -0.10571429 -0.1062069  -0.10666667
 -0.10580645 -0.10625    -0.10666667 -0.10588235 -0.10628571 -0.10666667
 -0.10594595 -0.10631579 -0.10666667 -0.107      -0.10731707 -0.10761905
 -0.10697674 -0.10727273 -0.10755556 -0.10782609 -0.10723404 -0.1075
 -0.1077551  -0.108      -0.10823529 -0.10846154 -0.10867925 -0.10888889
 -0.10836364 -0.10785714 -0.10807018 -0.10758621 -0.10711864 -0.10666667
 -0.10688525 -0.10645161 -0.10666667 -0.106875   -0.10707692 -0.10727273
 -0.10686567 -0.10705882 -0.10724638 -0.10628571 -0.10647887 -0.10666667
 -0.10684932 -0.10648649 -0.10666667 -0.10684211 -0.10649351 -0.10666667
 -0.10632911 -0.106      -0.10617284 -0.10634146 -0.1060241  -0.10619048
 -0.10588235 -0.10604651 -0.10528736 -0.10545455 -0.1047191  -0.10488889
 -0.10505495 -0.10478261 -0.10451613 -0.10468085 -0.10442105 -0.10458333
 -0.1043299  -0.10408163 -0.10343434 -0.1036    ]