[ 0.          0.          0.          0.          0.          0.
  0.          0.          0.          0.          0.          0.
 -0.00923077 -0.00857143 -0.008      -0.0075     -0.00705882 -0.00666667
 -0.00631579 -0.006      -0.00571429 -0.00545455 -0.00521739 -0.005
 -0.0048     -0.00461538 -0.00444444 -0.00428571 -0.00413793 -0.004
 -0.00387097 -0.00375    -0.00363636 -0.00352941 -0.00342857 -0.00333333
 -0.00324324 -0.00315789 -0.00307692 -0.003      -0.00292683 -0.00285714
 -0.0027907  -0.00272727 -0.00266667 -0.0026087  -0.00255319 -0.0025
 -0.00244898 -0.0024     -0.00235294 -0.00230769 -0.00226415 -0.00222222
 -0.00218182 -0.00214286 -0.00210526 -0.00206897 -0.0020339  -0.002
 -0.00196721 -0.00193548 -0.00190476 -0.004375   -0.00430769 -0.00666667
 -0.00656716 -0.00647059 -0.00637681 -0.00628571 -0.00619718 -0.00611111
 -0.0060274  -0.00594595 -0.00586667 -0.00578947 -0.00571429 -0.00564103
 -0.00556962 -0.0055     -0.0054321  -0.00536585 -0.0053012  -0.0052381
 -0.00517647 -0.00511628 -0.00505747 -0.005      -0.00494382 -0.00488889
 -0.00483516 -0.00478261 -0.00473118 -0.00468085 -0.00463158 -0.00458333
 -0.00453608 -0.0044898  -0.00444444 -0.0044    ]