[  0.           0.           0.           0.          -1.3
  -1.08333333  -7.64285714 -13.25       -17.66666667 -20.65
 -18.77272727 -17.33333333 -16.         -18.57142857 -20.93333333
 -19.625      -21.44117647 -22.86111111 -21.65789474 -20.65
 -22.28571429 -23.63636364 -22.86956522 -22.16666667 -23.46
 -24.51923077 -23.85185185 -23.         -23.84482759 -24.78333333
 -23.98387097 -23.234375   -22.71212121 -22.17647059 -22.98571429
 -22.51388889 -23.36486486 -22.75       -22.16666667 -21.6125
 -21.08536585 -21.83333333 -22.54651163 -23.21590909 -22.7
 -23.34782609 -22.88297872 -22.40625    -22.98979592 -22.53
 -23.10784314 -23.69230769 -24.27358491 -23.82407407 -24.38181818
 -23.94642857 -24.38596491 -23.96551724 -24.42372881 -24.125
 -24.60655738 -25.0483871  -24.77777778 -24.390625   -24.76923077
 -24.41666667 -24.86567164 -25.28676471 -25.56521739 -25.2
 -25.58450704 -25.98611111 -26.38356164 -26.10810811 -26.40666667
 -26.05921053 -26.4025974  -26.75       -26.41139241 -26.76875
 -26.4382716  -26.11585366 -25.80120482 -26.05357143 -25.82352941
 -26.04069767 -25.81609195 -25.52272727 -25.30337079 -25.11111111
 -24.9010989  -25.14673913 -25.45698925 -25.75531915 -25.99473684
 -26.28645833 -26.4742268  -26.20408163 -26.46969697 -26.265     ]