[45.92000008 20.21000004 26.44666672 31.56500006 21.95200005 25.94666672
 28.93714278 18.61749995 21.53555542 23.92399988 25.28727263 27.0866665
 28.60923056 29.87857117 30.9119997  31.87874967 32.7635291  33.54777744
 34.19894705 34.90799966 35.38285678 35.86181784 36.38608663 36.88583299
 35.41039967 35.85153811 36.24148111 36.60357104 36.95793063 37.22199958
 37.53483831 37.74874958 34.9799996  33.95117608 34.35028534 34.69833295
 35.02864827 35.35368382 35.63640986 35.95499959 36.24585324 35.38285673
 35.62790658 35.88363595 36.11688847 36.35086914 36.56425488 35.50041624
 35.76326487 35.95639957 36.12156819 36.34846111 36.53773542 36.72925882
 36.92363593 37.10142813 37.16842062 37.31930993 37.48203349 37.65533291
 37.81475367 37.92064473 38.03968212 38.16999957 37.32892265 37.45909049
 37.60716376 37.75882311 37.86202856 37.99085672 38.13718267 38.22388845
 37.47424614 37.59459416 37.73839956 37.86526271 37.9888307  38.09640979
 38.2081008  38.29824954 37.82543165 37.94195076 36.83879473 36.92857097
 37.0456466  36.61488327 36.72712598 36.85431773 36.9725838  37.08866621
 37.19076877 37.29108649 37.39419308 37.48489315 37.58947322 37.14062454
 37.24144285 37.33469342 37.44161571 37.52139956]