[-0.12       -0.12       -0.08       -0.08       -0.088      -0.08666667
 -0.09142857 -0.095      -0.09777778 -0.1        -0.10181818 -0.10333333
 -0.10461538 -0.10571429 -0.10666667 -0.1        -0.10117647 -0.1
 -0.10105263 -0.102      -0.10285714 -0.09818182 -0.09913043 -0.1
 -0.1008     -0.09692308 -0.09777778 -0.09857143 -0.09517241 -0.092
 -0.0916129  -0.0925     -0.09333333 -0.09294118 -0.09371429 -0.09444444
 -0.09513514 -0.09578947 -0.09641026 -0.096      -0.09658537 -0.09714286
 -0.09767442 -0.09818182 -0.09866667 -0.09826087 -0.09787234 -0.09833333
 -0.09877551 -0.0992     -0.0972549  -0.09692308 -0.09735849 -0.09777778
 -0.09818182 -0.09857143 -0.09894737 -0.09724138 -0.09762712 -0.09733333
 -0.09770492 -0.09806452 -0.0984127  -0.09875    -0.09907692 -0.09939394
 -0.09970149 -0.09941176 -0.09971014 -0.1        -0.10028169 -0.10055556
 -0.10082192 -0.10108108 -0.10133333 -0.10157895 -0.10181818 -0.10205128
 -0.10075949 -0.101      -0.10074074 -0.1004878  -0.10072289 -0.10047619
 -0.10070588 -0.10093023 -0.10114943 -0.10136364 -0.1011236  -0.10088889
 -0.09978022 -0.1        -0.10021505 -0.10042553 -0.10021053 -0.1
 -0.10020619 -0.10040816 -0.10060606 -0.1004    ]