[ -7.         -13.         -15.16666667 -16.625      -17.2
 -18.08333333 -15.5        -14.3125     -13.33333333 -12.7
 -11.95454545 -12.33333333  -8.2015386   -7.61571441  -7.20800012
  -6.75750011  -7.83058834  -7.56222232  -7.16421062  -6.80600009
  -6.62476199  -7.07363645  -7.61391312  -7.29666674  -7.00480007
  -7.02384622  -7.24518525  -7.09357149  -7.4179311   -7.27066673
  -7.18129038  -7.42562506  -7.33696975  -7.32705888  -7.11771434
  -6.96166672  -7.21945951  -7.52947373  -7.49025646  -7.82800004
  -8.03951224  -7.99095242  -7.84000004  -7.66181822  -7.55822226
  -7.88304352  -8.11957451  -8.0129167   -7.99224493  -8.30240004
  -8.5121569   -8.43500003  -8.30415098  -8.28925929  -8.48400003
  -8.67178575  -8.80912284  -8.65724141  -8.61220342  -8.68533336
  -8.65770495  -8.78419358  -8.76380955  -8.06687506  -7.96584621
  -7.30212129  -7.21552247  -7.38882361  -7.55710153  -7.4705715
  -7.66112684  -7.78388896  -7.73890418  -7.85729737  -7.7725334
  -7.76894744  -7.72649358  -7.6658975   -7.62582285  -7.53050007
  -7.67209883  -7.57853665  -7.68602416  -7.59452387  -7.59341183
  -7.72604657  -7.70620696  -7.63568188  -7.76898882  -7.7604445
  -7.75758248  -7.75478267  -7.89720436  -8.01531921  -7.9467369
  -8.06708339  -8.05608253  -8.08102046  -8.02969702  -8.18440005]