[46.37999916 45.37999916 46.71333249 46.50499916 46.48799896 46.38666566
 39.75999914 40.71249914 40.72666571 41.39199905 41.8945446  37.27833255
 37.43692222 38.0785705  38.83199908 39.27249908 39.69058732 37.4855547
 37.87473598 38.27499914 36.45238013 37.03999918 37.42608618 37.86333255
 38.20399921 38.57769152 37.14888813 37.4799992  37.82137851 37.97199917
 38.22709594 38.52999917 38.76787795 38.99176387 39.23142774 39.40222139
 37.93189108 38.21999919 36.89384536 35.93399923 36.24975532 36.51476113
 36.77999922 37.02090831 37.217777   37.39521661 36.5995737  36.68791588
 36.87550942 36.92479919 37.12980312 36.41576844 36.58490487 36.63592512
 36.78581737 36.12892778 36.29122727 36.45655093 36.59932124 36.75533255
 36.79770412 36.83870886 36.87841187 36.30218668 36.48092227 35.90545375
 35.97910367 35.25146979 35.42782531 35.62714208 35.72168935 35.86277698
 35.98630057 36.05189108 36.20293252 35.52920973 35.66363556 35.79461458
 35.91594857 35.46699921 35.61407328 35.74536506 35.88602331 35.28023732
 35.38729334 35.50930155 35.64620613 35.79659014 35.39438127 35.49422146
 35.62527398 35.68195576 35.79161214 35.9308503  35.41052556 35.48270757
 35.59072089 35.69571353 35.81373662 35.30559925]