[1.74999987 1.6249999  1.74999989 1.62499986 1.73999986 1.56666653
 1.092857   1.51874985 1.78333319 2.00499986 1.94545441 1.7958332
 1.96538448 2.19642843 1.83666652 1.98124985 2.00294104 2.12777764
 1.98421039 1.99499987 1.72380939 1.78636351 1.74565204 1.83749987
 1.92399987 1.87499987 2.00740728 1.97321416 1.76206884 1.5883332
 1.65967729 1.64843737 1.71969684 1.8088234  1.89714273 1.71805543
 1.76756744 1.74473672 1.6256409  1.69749987 1.77195109 1.82023797
 1.86511615 1.92386351 1.95111099 1.88586944 1.92872328 1.94895821
 1.91224477 1.88199987 1.90784301 1.88846141 1.88679233 1.90185172
 1.94909078 1.93839273 1.96929812 1.99482746 1.97457614 1.9458332
 1.98032774 2.02499987 1.94444432 1.97109362 1.96384603 1.90378775
 1.88955211 1.94191164 1.99130422 1.9785713  2.01549283 2.05694432
 2.09726015 2.09121609 2.10733321 2.12302619 2.01298689 1.99807679
 1.9683543  2.00749987 1.99814802 2.02865841 2.05361433 2.04821416
 2.06941164 2.04534871 2.04942516 2.05397714 1.9926965  1.97888876
 1.9785713  1.99565205 1.95698912 1.99840413 2.02368408 2.04427071
 2.05927822 2.05969375 2.06767664 2.08699987]