[6.04999983 6.04999983 6.04999983 6.04999983 6.04999983 6.04999983
 6.04999983 6.04999983 6.04999983 5.97999983 5.98636347 5.9916665
 5.99615368 5.99999983 6.00333317 6.00624983 6.00882336 6.01111094
 6.01315773 6.01499983 6.0166665  6.01818165 6.01956505 6.02083317
 6.02199983 6.02307676 6.02407391 6.02499983 6.0258619  6.0266665
 6.02741919 6.02812483 6.02878771 6.0294116  6.02999983 6.03055539
 6.03108091 6.03157878 6.03205112 6.03249983 6.03292666 6.03333317
 6.03372076 6.03409074 6.03444428 6.03478244 6.03510622 6.0354165
 6.03571412 6.03599983 6.03627434 6.03653829 6.03679229 6.03703687
 6.03727256 6.03749983 6.03771913 6.03793087 6.03813543 6.03833317
 6.03852442 6.03870951 6.03888872 6.03906233 6.0392306  6.03409074
 6.03432819 6.03455866 6.03478244 6.03499983 6.0352111  6.0354165
 6.03561627 6.03581064 6.03599983 6.03618404 6.03636347 6.03333317
 6.03354414 6.03374983 6.03395045 6.03414618 6.03433718 6.03452364
 6.03470572 6.03488355 6.03505731 6.0323862  6.0325841  6.03277761
 6.03296687 6.03315201 6.03333317 6.03351047 6.03368405 6.033854
 6.03402045 6.03418351 6.03434327 6.03449983]