[ 1.4999999  -1.27500018 -1.58333346 -0.46250014  0.62999986  1.05833321
  1.07142845  1.38124989  1.77777766  1.62499988  1.88181806  1.82499988
  1.93846142  1.82142845  1.98333321  2.11874988  2.285294    2.37777765
  2.53157883  2.63499988  2.69523798  2.82954534  2.84565206  2.86249988
  2.90999988  2.99807681  2.71296284  2.78392845  2.85517229  2.91833321
  2.93548375  3.00312487  3.01818169  3.08529399  3.07142844  2.82083321
  2.84864852  2.86973671  2.93846141  2.76499987  2.83048768  2.82976178
  2.82906964  2.84772714  2.79111098  2.82717379  2.80638285  2.84895821
  2.83673457  2.79999987  2.8588234   2.72403834  2.73490554  2.74351839
  2.77818169  2.74642845  2.77719286  2.81120677  2.85932191  2.83999988
  2.82131135  2.8612902   2.88809512  2.88281238  2.92076911  2.94545442
  2.98134316  2.99338223  2.9753622   2.99928559  3.01690129  3.02638877
  3.02191769  3.03108096  3.02599988  3.02171041  3.05064923  2.91025629
  2.92468343  2.82124988  2.84012334  2.84207305  2.86024084  2.8738094
  2.83941164  2.83139523  2.84999988  2.87556806  2.88820213  2.87166655
  2.90164823  2.88315205  2.90537622  2.92180839  2.94631567  2.94114571
  2.95051534  2.95867335  2.95151503  2.96849988]