[2.6999999  4.07499988 4.61666654 4.71249988 4.85999988 4.84999987
 4.6642856  4.76249989 4.86666655 4.87499989 4.58181807 4.30833322
 4.25384603 4.38214273 4.45999988 4.45624988 4.44999988 4.4472221
 4.49473672 4.47999988 4.49047608 4.53409079 4.56739119 4.46458322
 4.39999989 4.32307681 4.30740729 4.3392856  4.36206885 4.35666655
 4.4064515  4.41249988 4.28939382 4.32647047 4.31142846 4.32499988
 4.29729718 4.33684199 4.32051271 4.31499988 4.31951208 4.36071417
 4.38604639 4.41363624 4.44777766 4.46739118 4.48829775 4.48020822
 4.48265294 4.44799988 4.44705871 4.42211527 4.37735837 4.34907396
 4.36454534 4.39017845 4.40614023 4.42155161 4.42457615 4.43333322
 4.45409825 4.47177408 4.48333322 4.46796864 4.47384604 4.49393928
 4.50074615 4.49705871 4.50507235 4.51142846 4.51408439 4.51180544
 4.52328756 4.54256746 4.48533322 4.47960515 4.48831158 4.50064092
 4.506329   4.50937489 4.51975297 4.47378038 4.46686736 4.47142846
 4.47764695 4.48895338 4.49195391 4.50113625 4.48707854 4.49388878
 4.47802187 4.47445641 4.46075258 4.46223393 4.46631568 4.46666656
 4.47680401 4.45714275 4.45100999 4.45849989]