[4.84999987 5.17499986 4.74999986 4.62499989 4.69999989 4.83333322
 4.53571417 3.98749988 3.27777766 3.37499989 3.28636352 2.91249987
 3.02692295 2.99285701 3.10999987 3.25937487 3.38529399 3.41666654
 3.36052619 3.47249987 3.33095225 3.37954533 3.36521727 3.34166654
 3.22999988 3.21346141 3.2722221  3.35892844 3.36551711 3.37833321
 3.36451601 3.41562488 3.47727261 3.47352929 3.53285702 3.42638877
 3.40405393 3.38947356 3.36282039 3.31874988 3.28658524 3.35238083
 3.31976731 3.33636351 3.32999987 3.33260857 3.34255307 3.36458321
 3.27653049 3.28799988 3.27843125 3.3105768  3.3452829  3.36296284
 3.38999988 3.32589273 3.36315777 3.35431022 3.37203378 3.39916654
 3.40901627 3.39193536 3.38492051 3.40390613 3.4130768  3.44393927
 3.46044764 3.4720587  3.48623176 3.49428559 3.52323932 3.54236099
 3.53767111 3.53716204 3.55666655 3.56907883 3.53116871 3.53012808
 3.54873406 3.57374988 3.57469124 3.52560963 3.54337337 3.56726178
 3.58352929 3.60523244 3.62528724 3.62727261 3.61685381 3.6322221
 3.6241757  3.64184771 3.64139773 3.6329786  3.62526304 3.62499988
 3.49845349 3.51836723 3.51969685 3.53699988]