[5.89999989 5.7749999  5.58333321 5.66249988 5.70999988 5.64166656
 5.67857132 5.64999988 5.64999988 5.64999989 5.64999989 5.64999989
 5.68846143 5.68571418 5.71666656 5.69999989 5.69117636 5.70277767
 5.70789462 5.69499989 5.69285703 5.69772716 5.69565206 5.71458322
 5.72799989 5.72499989 5.73148137 5.73749989 5.74310334 5.71833322
 5.72419344 5.72187489 5.72727262 5.73235283 5.72999989 5.70138878
 5.7135134  5.71842094 5.72307681 5.72749989 5.72317062 5.72499989
 5.72093012 5.71931807 5.71777767 5.66086945 5.66063819 5.66041656
 5.66530601 5.66499989 5.66960773 5.66923066 5.6735848  5.67777767
 5.68636353 5.69464275 5.6982455  5.70603437 5.70932192 5.70833322
 5.70737694 5.7064515  5.71349195 5.71640614 5.70461527 5.70378777
 5.70298496 5.70588224 5.70869554 5.71142846 5.70211257 5.70833322
 5.70753414 5.70675665 5.69999989 5.70263147 5.70844145 5.70192297
 5.70126571 5.70062489 5.69876532 5.7012194  5.70240953 5.70059513
 5.69999989 5.6994185  5.69770104 5.69999989 5.70224708 5.68999989
 5.69505484 5.6972825  5.6892472  5.69414883 5.69631568 5.70104156
 5.70309267 5.70765295 5.69595949 5.69549989]