[ 3.54999986  0.72499994  1.68333325  1.51249991  1.33999993  1.14999993
 -0.17857151  0.23124991  0.77222213  0.88499991  0.65454536  0.23749991
  0.09615374  0.45357132  0.27999991  0.33437491  0.00882343 -0.01388899
 -0.04473695 -0.15000011  0.0238094  -0.41136375 -0.23478273 -0.16041679
 -0.35400012 -0.41346165 -0.56296308 -0.60892869 -0.4672415  -0.37333345
 -0.31129045 -0.17500012 -0.11818194 -0.04558836 -0.0514287   0.03333321
 -0.01891904  0.08421041  0.06538449  0.09624988  0.11707305  0.15952369
  0.26744174  0.29431806  0.29777765  0.29565205  0.38404243  0.36354154
  0.2775509   0.29299988  0.29607831  0.27884603  0.31320742  0.37129617
  0.41545442  0.45178559  0.47719285  0.53620677  0.52881343  0.48166654
  0.42049167  0.45967729  0.50952368  0.53437487  0.57461525  0.57651502
  0.55895509  0.49852928  0.44855059  0.50499987  0.5147886   0.55416654
  0.53972589  0.54527014  0.55266653  0.52499987  0.48441545  0.44230756
  0.44873404  0.46249987  0.38518505  0.38658523  0.42831312  0.4380951
  0.44411751  0.40639521  0.42068952  0.34431805  0.3426965   0.37777764
  0.431868    0.47119552  0.48817191  0.52446795  0.47894723  0.43437486
  0.41958749  0.43520395  0.45404027  0.46599987]