[5.64999992 5.67499989 5.83333321 5.91249988 5.95999988 5.99166654
 6.01428559 6.03124987 6.04444432 6.05499987 6.06363623 6.0708332
 6.07692295 6.08214273 6.08666653 6.09062487 6.09411752 6.09722209
 6.09999987 6.10249987 6.10476177 6.10681805 6.10869552 6.11041653
 6.11199987 6.11346141 6.11481468 6.1160713  6.11724125 6.1183332
 6.1193547  6.12031237 6.12121199 6.12205869 6.12285701 6.12361098
 6.12432419 6.12499987 6.12564089 6.12624987 6.12682913 6.12738082
 6.12790684 6.12840896 6.12888876 6.12934769 6.1297871  6.1302082
 6.11122436 6.11199987 6.11274496 6.11346141 6.11415081 6.11481468
 6.11545441 6.1160713  6.11666653 6.11724125 6.11355919 6.11416653
 6.11311462 6.11370954 6.11428558 6.11484362 6.11538448 6.11590896
 6.11641778 6.11691163 6.11739117 6.11785701 6.11830973 6.11874987
 6.11917795 6.11959446 6.11999987 6.1203946  6.12077909 6.12115371
 6.12151885 6.12187487 6.12222209 6.12256084 6.12289143 6.12321415
 6.12352928 6.12383708 6.1241378  6.12443169 6.12471897 6.12499987
 6.12527459 6.12554335 6.12580632 6.1260637  6.12631566 6.1020832
 6.10257719 6.10306109 6.10353522 6.10399987]