[3.94999982 4.69999985 3.93333321 2.9499999  2.83999991 2.04166657
 2.19285704 2.46874989 2.77222211 2.72999988 2.73636352 2.81249988
 2.46923065 2.65714273 2.79666654 2.99374987 3.10588222 2.97777765
 2.92894724 2.89749987 2.91666654 2.95681805 3.0543477  3.1020832
 3.19999987 3.23653834 3.2796295  3.34464273 3.07413781 2.96499988
 3.04193536 3.12499988 3.18484837 3.185294   3.25714274 3.23749988
 3.20405393 3.2605262  3.20128193 3.21249988 3.24999988 3.26666655
 3.24186035 3.27386352 3.31444433 3.34891293 3.34042541 3.36979155
 3.13673457 3.19499988 3.24411753 3.27980757 3.30754705 3.29999988
 3.33636352 3.34910702 3.38421041 3.38362057 3.37203378 3.40249988
 3.32459004 3.32983859 3.36190464 3.39453113 3.40923065 3.43257564
 3.45746257 3.45735282 3.47463756 3.41142845 3.43873228 3.41041655
 3.42739714 3.39729718 3.41799988 3.38355251 3.40714274 3.38974347
 3.38291127 3.37562488 3.39999988 3.38109744 3.34578301 3.36785702
 3.36058811 3.37499988 3.35517229 3.32556806 3.32303359 3.32277766
 3.32967021 3.32608684 3.34623644 3.36382966 3.35315777 3.36770821
 3.37938132 3.39489784 3.39898978 3.41249988]