[ 2.39999989  0.17499997  1.29999996 -0.01250007  0.64999991 -0.50000009
 -0.2142858   0.25624991  0.57222213  0.6799999   0.77727263  0.62916656
  0.74615374  0.71428561  0.37333323  0.59687489  0.62941165  0.62222211
  0.47631568  0.57749989  0.76666656  0.81818171  0.9021738   0.97499989
  1.13199989  1.25961527  1.34814803  1.49999989  1.60862057  1.63999988
  1.47903214  1.57187488  1.68484836  1.75735282  1.72285702  1.5097221
  1.62297285  1.70526303  1.56282039  1.61749988  1.70853646  1.5190475
  1.58720918  1.66136352  1.50444432  1.53804336  1.57340413  1.63229155
  1.67551008  1.69699988  1.76470576  1.74134603  1.79905648  1.76574062
  1.72454533  1.75446416  1.77105251  1.77758608  1.74067784  1.78499988
  1.78032775  1.83225794  1.85634908  1.88046863  1.88846142  1.93787866
  1.91940286  1.86102929  1.86956509  1.88214273  1.92746466  1.90138876
  1.85479439  1.84729717  1.76999988  1.79539461  1.78896091  1.78653834
  1.81202519  1.80124988  1.82345667  1.81585353  1.81867457  1.78571416
  1.78999988  1.80697662  1.7649424   1.78465897  1.79157291  1.7822221
  1.78846141  1.81304335  1.84193536  1.87393605  1.87052619  1.87916654
  1.90670091  1.8780611   1.8782827   1.85949988]