[-0.15000007  1.2749999   2.61666657  2.78749989  3.03999989  3.2749999
  3.63571418  3.40624988  3.511111    3.65999988  3.75454535  3.77916656
  3.83076913  3.75714275  3.8599999   3.94687489  3.94411754  3.95277767
  3.88157884  3.97749989  3.9547618   4.01363625  4.04347815  4.09583323
  4.13599989  4.1826922   4.17592582  4.18035703  4.16896541  4.12833322
  4.13225796  3.9437499   3.97121202  3.96617636  3.93428561  3.96527767
  3.99459449  3.98289463  4.02948707  4.04374989  4.04878038  4.05238085
  4.02558129  4.0590908   4.08222211  4.1021738   4.11914882  4.11562489
  4.12142846  4.07599989  4.04901949  3.97499989  3.97547159  3.98055544
  3.99272716  3.85089274  3.8728069   3.90172402  3.9237287   3.94249988
  3.90737694  3.91290311  3.93571417  3.95546864  3.96923066  3.97803019
  3.98656705  3.98897047  3.913768    3.92785703  3.92605622  3.89166655
  3.91232865  3.90608097  3.91733322  3.93749989  3.94025963  3.90897424
  3.89177204  3.89749989  3.91358013  3.92926818  3.94518061  3.89999988
  3.90705871  3.92383709  3.93448264  3.93124988  3.93370775  3.94277766
  3.95274714  3.94945641  3.96182784  3.96542542  3.95999988  3.96562489
  3.95566999  3.93724478  3.95252514  3.96999989]