[5.24999987 5.14999984 5.36666652 4.94999985 5.16999985 5.28333317
 5.15714271 5.23124984 5.21666651 5.18499985 5.23181803 5.24166652
 5.26153831 5.26785699 5.26333318 5.25937486 5.26764691 5.28055541
 5.27631564 5.24999985 5.15952367 5.17272713 5.1739129  5.15208319
 5.14999986 5.18461524 5.1907406  5.17499986 5.13965503 5.11833319
 5.02903212 4.96874986 4.9924241  4.99852927 4.992857   4.98611097
 4.97972959 4.9697367  4.97307679 4.96124986 4.98292669 5.00833319
 5.01046498 4.99659077 4.96333319 4.9739129  4.98191475 4.96458319
 4.96428558 4.90999986 4.90490182 4.91826909 4.9160376  4.93055542
 4.92727259 4.94374986 4.95087706 4.94999986 4.92627105 4.9408332
 4.94098347 4.95887083 4.96746018 4.97187486 4.97999986 4.98181804
 4.98283568 4.98823515 4.99202885 5.00071415 5.00352099 5.01319431
 5.00479438 4.97837824 4.98133319 4.97697355 4.97792194 4.98141012
 4.9854429  4.98249986 4.9870369  4.96707303 4.97409625 4.9755951
 4.97999986 4.97558126 4.97988492 4.97556804 4.98370773 4.96888875
 4.97417569 4.97989117 4.9849461  4.98617008 4.98736828 4.98749986
 4.96546378 4.96479578 4.96969683 4.97349986]