[5.19999987 5.54999988 5.74999987 5.54999988 5.54999988 5.64999988
 5.64999988 5.47499989 5.52222211 4.77499987 4.85454533 4.94166654
 4.99615373 5.01071417 5.06999988 5.07812488 5.14117635 5.16944433
 5.20789462 5.20749988 5.25238083 5.28181806 5.27391292 5.29999988
 5.33399988 5.32884603 5.34999988 5.36964274 5.37931022 5.34499988
 5.36290311 5.38749988 5.39545443 5.41764694 5.4142856  5.40833322
 5.39459448 5.41447357 5.42692296 5.43874988 5.44999988 5.44999988
 5.460465   5.47386352 5.48111099 5.49565205 5.5042552  5.51770821
 5.52551008 5.53299988 5.54019596 5.55192296 5.55188667 5.56296284
 5.57363624 5.57499988 5.57456128 5.57844816 5.58220327 5.57583321
 5.57704906 5.58064504 5.57460306 5.57578113 5.58461527 5.5931817
 5.60149242 5.6095587  5.60362307 5.60785702 5.61408439 5.60833321
 5.60890399 5.61283772 5.61199988 5.61578935 5.61038949 5.61730757
 5.6120252  5.61562488 5.61913568 5.62256086 5.62590349 5.62083321
 5.61588223 5.61627895 5.60977    5.61590897 5.61123584 5.6172221
 5.6175823  5.61413032 5.61236547 5.61276584 5.61578936 5.61614572
 5.59793803 5.58775498 5.59090897 5.59399988]