[3.84999987 4.99999986 5.18333319 5.36249986 5.49999986 5.43333319
 5.42142842 5.21874986 5.25555542 5.30999986 5.3863635  5.4208332
 5.44230755 5.492857   5.29999986 5.33124986 5.35882339 5.39722208
 5.24736828 5.28749986 5.28333319 5.25454532 5.27826073 5.30416653
 5.32399987 5.32307679 5.34629616 5.34821415 5.37586194 5.40166653
 5.40322567 5.40156237 5.42424229 5.42205869 5.40285701 5.4083332
 5.39459446 5.3960525  5.41282038 5.42874987 5.44634133 5.46309511
 5.46860452 5.44318168 5.43555542 5.44891291 5.45212752 5.46041653
 5.47448966 5.48799986 5.49901947 5.50961525 5.50188665 5.51388875
 5.52363622 5.50803557 5.50263144 5.51206883 5.50338969 5.51416653
 5.51721298 5.5161289  5.51666653 5.51953111 5.51461525 5.51893926
 5.51865658 5.52279398 5.51884044 5.52142843 5.53028155 5.52361097
 5.5226026  5.51621608 5.52466653 5.5203946  5.50259727 5.50961525
 5.51772138 5.51124986 5.5061727  5.5036584  5.51024083 5.43452367
 5.43588222 5.41802312 5.42643665 5.42954532 5.43089874 5.43888875
 5.44120866 5.43260856 5.42903212 5.43563816 5.44052618 5.44322903
 5.44690708 5.45153048 5.45757562 5.45499987]