[6.14999986 6.14999986 6.14999986 6.14999986 6.14999986 6.14999986
 6.09999986 6.10624986 6.11111097 6.11499986 6.07272714 6.0583332
 6.06538448 6.03571416 6.0433332  6.04999987 6.05588222 6.04722209
 6.05263145 6.00999987 6.00476177 6.0113635  6.01739117 6.02291653
 6.01399987 6.00961525 6.00555542 6.01071415 6.01551711 6.01999987
 6.02419342 6.02812487 6.03181805 6.03529398 6.0185713  6.02222209
 6.02567554 6.02236829 6.01282038 6.00999987 6.0134145  6.01666654
 6.01976731 6.00113623 6.00444431 6.00760856 6.01063817 6.01354153
 6.0163264  6.01899987 6.00294104 5.99903833 6.00188666 6.0046295
 6.00727259 6.00535701 6.0078946  6.00862056 6.01101682 6.0133332
 6.01557364 6.00241922 6.00476177 6.00703112 6.00923064 6.00757562
 6.00970136 6.01176457 6.00652161 6.0085713  6.00704212 6.00902764
 6.01095877 6.0128377  6.01466653 6.01644723 6.01493493 6.01025628
 6.00886063 6.01062487 6.01234555 6.01402426 6.01265047 6.00297606
 6.00470575 6.00116266 6.00287343 6.00454532 6.00617964 5.98999987
 5.99175811 5.99130421 5.99301062 5.99468072 5.99631565 5.99791653
 5.9994844  6.00102027 5.99999987 6.00149987]