[5.34999981 3.29999978 3.36666648 3.23749984 3.18999985 3.08333319
 2.79999986 2.86249987 2.48333321 2.72999988 2.50909079 2.66666654
 2.43461527 2.37499988 2.23666655 2.33749989 2.49411753 2.2722221
 2.27631566 2.32249988 2.42619035 2.49318169 2.30869552 2.34374987
 2.25799987 2.15769218 2.18888876 2.24464273 1.92586193 1.97999986
 1.93870954 1.99374986 2.05909077 2.06911751 2.01999987 2.0583332
 1.93648635 1.8578946  1.84358961 1.84874986 1.8841462  1.93690463
 1.80116266 1.68863623 1.65444431 1.69999987 1.69148923 1.74687487
 1.61938762 1.60799987 1.64999987 1.6932691  1.74528289 1.8046295
 1.8372726  1.81696415 1.82192969 1.79396538 1.82118631 1.8183332
 1.79754085 1.78387084 1.78968241 1.82265612 1.83692295 1.86287866
 1.79029838 1.82867634 1.8543477  1.87428558 1.88309846 1.93263876
 1.90958891 1.90675663 1.93266654 1.97302619 1.96558429 1.86987167
 1.89113911 1.86499987 1.85679    1.87621938 1.86024084 1.84583321
 1.85764693 1.89127894 1.90747114 1.90397714 1.89494369 1.79499987
 1.81538449 1.83043466 1.87688159 1.88244668 1.89052619 1.92187487
 1.93453595 1.86989783 1.89595947 1.87999987]