[5.1999999  5.62499987 5.6833332  5.74999986 5.75999986 5.72499987
 5.62857131 5.63749988 5.65555543 5.66999987 5.68181806 5.66249987
 5.6730768  5.69999987 5.61999987 5.63124987 5.62647046 5.60833321
 5.58684198 5.59749988 5.56428559 5.53181806 5.521739   5.53333321
 5.45399987 5.46730757 5.4796295  5.41964273 5.43275849 5.44499987
 5.45322568 5.47187487 5.48181805 5.46470575 5.45142844 5.46111098
 5.46351338 5.44736829 5.45641013 5.44999987 5.44756085 5.45595225
 5.46976731 5.4647726  5.47777765 5.48478248 5.48936157 5.49374987
 5.46122436 5.45299987 5.45980379 5.46634602 5.47264138 5.33888876
 5.34272714 5.35089273 5.3587718  5.37068952 5.38220326 5.37499987
 5.38196708 5.36048374 5.35238082 5.35937487 5.35538448 5.34545441
 5.32388047 5.33088222 5.33768103 5.34071416 5.34718297 5.34305543
 5.33630124 5.34459446 5.33799987 5.34407882 5.34090896 5.34679474
 5.35569607 5.35499987 5.3604937  5.36585353 5.37108421 5.36904749
 5.37411752 5.37906964 5.37988493 5.38465896 5.37865156 5.3833332
 5.37802185 5.37228248 5.37688159 5.36968072 5.3642104  5.36874987
 5.36340193 5.36071416 5.34545442 5.34399987]