[5.44999987 5.74999986 5.84999985 5.72499986 5.44999986 5.30833321
 5.31428559 5.15624988 5.18888877 5.21499988 5.13181806 5.20833321
 5.16923065 5.14642845 5.07666654 5.11562488 5.14999987 5.18055543
 5.20789461 5.23749987 5.16428559 5.18863624 5.21521726 5.08958321
 5.10399987 5.12115372 5.14629617 5.16964273 5.19999987 5.21166654
 5.20806439 5.22656237 5.19848472 5.18823517 5.07999987 5.06388876
 5.05135123 5.05263145 5.03974346 5.01624988 4.97804865 4.98690463
 5.00581382 5.02386351 5.0333332  5.04456509 5.03829774 5.05416654
 5.06530599 5.04099987 5.04117634 5.04423064 5.05849044 5.0722221
 5.09181805 5.10267844 5.11929812 5.1353447  5.14067784 5.1458332
 5.15655725 5.15806439 5.16269828 5.16484362 5.17846141 5.16666654
 5.16417898 5.15514693 5.16449263 5.1735713  5.16619705 5.17013876
 5.17397247 5.1743242  5.1813332  5.18684198 5.18376611 5.18397423
 5.19493658 5.18624987 5.1759258  5.17256085 5.17710831 5.16369035
 5.16705869 5.16569755 5.16781596 5.16079533 5.15561785 5.16555543
 5.17362625 5.17771726 5.1784945  5.18138285 5.18789461 5.16874987
 5.16546379 5.16938763 5.16969684 5.17249988]