[3.94999983 3.99999987 3.08333321 2.92499988 2.57999987 2.8083332
 2.20714271 2.34999985 2.6944443  2.91499985 3.04999985 3.21249986
 3.31923063 3.33571414 3.25999986 3.34374986 3.11470575 3.19166653
 3.15526303 3.11249987 3.1785713  3.14999987 3.07173901 3.15624988
 3.18599988 3.24999988 3.29999988 3.31071417 3.2465516  3.17333321
 3.17258052 3.16874988 3.20757564 3.10441164 3.05999988 3.13333321
 3.1716215  3.20526303 3.19615372 3.15749988 3.20487793 3.21666654
 3.14186034 3.11022715 3.06333321 3.02499987 3.011702   3.00416654
 2.99387742 3.03599987 3.03823517 3.06249988 3.10283006 3.12407395
 3.14181806 3.17499987 3.12982444 3.09137918 3.11525411 3.09333321
 3.09426217 3.0411289  3.00317447 3.02499987 3.01230756 2.98560593
 3.00671629 2.99191164 2.97826074 2.97714273 3.003521   3.02499987
 3.01986289 2.99391879 2.97933321 2.99934198 2.95259728 2.97371782
 2.99177202 3.00062487 3.02098753 3.0481706  3.07831313 3.06964273
 3.0670587  3.09360452 3.105747   3.12045442 3.13202234 3.03722209
 3.05164822 3.07608683 3.05161278 3.06489349 3.07631566 3.09583321
 3.12010297 3.12397947 3.11262614 3.12899987]