[6.04999983 5.02499985 5.39999985 5.49999985 5.55999985 5.56666652
 5.61428557 5.51874986 5.56111098 5.59499987 5.62272714 5.61666654
 5.41538449 5.44999987 5.45666654 5.48437487 5.50294105 5.5083332
 5.54210513 5.55999987 5.56428559 5.57499987 5.56304335 5.57708321
 5.59999987 5.60384603 5.59259247 5.6035713  5.61379298 5.60833321
 5.55806439 5.56874988 5.56515139 5.57941164 5.58571416 5.5847221
 5.59324312 5.56184198 5.5705127  5.56999988 5.54634134 5.55238083
 5.560465   5.57386352 5.58444432 5.57826075 5.5829786  5.57812488
 5.55816314 5.56099988 5.56764694 5.57211526 5.57830176 5.5759258
 5.58181806 5.58749988 5.57543847 5.55258609 5.55847445 5.56666654
 5.57622939 5.57258052 5.57777766 5.58124988 5.5730768  5.57803018
 5.56716406 5.57426458 5.58260857 5.58214274 5.57323932 5.57013877
 5.57671221 5.58108096 5.58866654 5.57565777 5.57727261 5.58141013
 5.58860747 5.58687488 5.59074062 5.59451207 5.59277096 5.59642845
 5.59999988 5.59825569 5.5965516  5.59999988 5.60224707 5.59388877
 5.59725263 5.59293466 5.59892461 5.60212754 5.5942104  5.58854155
 5.58556689 5.58520396 5.59090897 5.59399988]