[3.84999975 2.67499984 3.38333317 2.82499986 3.05999986 3.11666652
 3.22857128 2.84999987 2.75555542 2.52499987 2.64090897 2.70416653
 2.70384602 2.64285701 2.65999986 2.42187486 2.5323528  2.48333319
 2.55526302 2.49999987 2.5333332  2.35681804 2.29130421 2.4083332
 2.37799986 2.29615371 2.32962949 2.10357129 2.18620675 2.18999986
 2.18870954 2.15624986 2.14696956 2.11911751 1.99857129 2.02638875
 2.09864851 2.16184197 2.20641012 2.27124987 2.18048767 2.2333332
 2.25930219 2.30113623 2.33555542 2.30978247 2.27765944 2.31562486
 2.23979578 2.28599986 2.34411751 2.35769217 2.21981119 2.17870357
 2.13909077 2.19821415 2.25526302 2.29224124 2.33389817 2.18249987
 2.23360642 2.27822567 2.30396812 2.30624987 2.30615371 2.32272714
 2.32014912 2.21323516 2.19637668 2.19428559 2.12253508 2.12499987
 2.09520535 2.02297284 1.9653332  2.01315776 2.04285701 2.04294859
 2.07025303 2.00687487 1.97901221 1.94634133 1.95240951 1.96369035
 1.92588222 1.91279057 1.92298837 1.89488623 1.90280886 1.87055542
 1.80659327 1.75706508 1.73064503 1.736702   1.70684197 1.73385404
 1.75051533 1.76020395 1.75959583 1.73799987]