[ 0.24999987 -0.35000011  0.66666654  1.86249986  2.40999986  2.87499987
  2.46428558  2.50624986  2.57222209  2.71499987  2.96363623  3.12083321
  3.26153834  3.07857131  2.83333321  2.81562487  2.87941164  2.96666654
  2.67894724  2.65999987  2.51428558  2.55454532  2.48043465  2.61249987
  2.39999987  2.52499987  2.45185173  2.3910713   2.39999987  2.39999987
  2.47258052  2.41406237  2.47272715  2.36911753  2.31285702  2.33333321
  2.42027015  2.49210514  2.5179486   2.50749988  2.51341451  2.5488094
  2.58837197  2.52045443  2.58555544  2.57826075  2.22234029  2.28229153
  2.2795917   2.22999987  2.26470575  2.24903833  2.2933961   2.34166654
  2.25363623  2.30803559  2.32456128  2.15517228  2.13050834  2.16166654
  2.15737692  2.17096761  2.20555542  2.20546862  2.23461525  2.26287866
  2.29477599  2.27647046  2.30217378  2.25928558  2.25845057  2.27847209
  2.29315055  2.33175662  2.26599987  2.28881566  2.31298688  2.32692294
  2.32848088  2.35812487  2.33641962  2.33963402  2.34819264  2.3535713
  2.3288234   2.2837208   2.18160906  2.20170441  2.23651672  2.22611098
  2.22417569  2.25706509  2.27204288  2.28617008  2.31578934  2.33385404
  2.26597925  2.29591824  2.30505037  2.31499987]