[5.54999989 5.79999987 5.76666653 5.77499987 5.61999987 5.49166654
 5.39999988 5.35624989 5.39444433 5.46999988 5.53181806 5.49583321
 5.48076911 5.44285703 5.41999989 5.42187489 5.39705871 5.27499988
 5.30789462 5.34499988 5.34999988 5.37499988 5.39347814 5.42499988
 5.42599988 5.4403845  5.45370358 5.47499988 5.47758609 5.47999988
 5.50161278 5.47499988 5.49242412 5.50147047 5.50999988 5.50555543
 5.52027015 5.52105251 5.52820501 5.52624988 5.52439012 5.53095226
 5.53720918 5.5431817  5.53888877 5.54673901 5.55744668 5.53749988
 5.52857131 5.52699988 5.51862733 5.52403834 5.52924516 5.53611099
 5.54545442 5.53928559 5.54385953 5.55431022 5.55423717 5.56249988
 5.5581966  5.56774181 5.56031734 5.56406238 5.5530768  5.56212109
 5.5708954  5.57426458 5.57753611 5.57928559 5.58239424 5.59027765
 5.5917807  5.59459447 5.60066654 5.5967104  5.59155832 5.58525629
 5.58797456 5.59062488 5.59753074 5.59999988 5.60120469 5.5863094
 5.57470576 5.57441848 5.57701137 5.57556806 5.57022459 5.56666654
 5.55879108 5.56141292 5.5612902  5.56117009 5.5642104  5.56302071
 5.56546379 5.565306   5.56414129 5.56999988]