[5.44999989 3.52499987 3.04999988 2.89999988 2.81999988 3.19999989
 3.23571417 3.05624989 3.1999999  3.3199999  3.33181808 3.45833323
 3.51153836 3.59285704 3.6099999  3.6093749  3.67647048 3.67777768
 3.70526306 3.7099999  3.73571418 3.63863626 3.69782598 3.48541656
 3.4499999  3.41730759 3.43888879 3.43571418 3.45344817 3.38666656
 3.24838699 3.26874989 3.22878777 3.25882342 3.19857132 3.20833323
 3.20405395 3.211842   3.21153835 3.11874989 3.12682916 3.13690465
 3.06860454 3.01818171 3.051111   3.01086945 3.05319138 3.05520822
 3.09183662 3.13699989 3.16274498 3.17019219 3.1962263  3.22685174
 3.20181807 3.22946417 3.27456129 3.31206885 3.33305073 3.35666655
 3.37868841 3.32338698 3.27936497 3.26874988 3.30769219 3.32878776
 3.27164167 3.29852929 3.29130423 3.30071417 3.31549284 3.28749989
 3.27397249 3.28040529 3.26733322 3.26118409 3.27792196 3.23397424
 3.26645558 3.24062488 3.25493815 3.26585354 3.27228904 3.21488083
 3.21411753 3.20058128 3.1965516  3.19772715 3.20056168 3.19388877
 3.19560428 3.17282597 3.1596773  3.15372329 3.15421041 3.13645822
 3.14845349 3.16581621 3.15707059 3.15549988]