[6.14999986 6.14999986 6.14999986 6.14999986 6.14999986 6.14999986
 6.14999986 6.14999986 6.14999986 6.14999986 6.14999986 6.14999986
 6.14999986 6.14999986 6.14999986 6.14999986 6.14999986 6.14999986
 6.14999986 6.14499986 6.14523795 6.1454544  6.14565203 6.13541653
 6.13599986 6.13653832 6.1370369  6.13749986 6.1379309  6.13833319
 6.13870954 6.13906236 6.1393938  6.13970574 6.13999986 6.14027764
 6.1405404  6.14078933 6.05769217 6.05999986 6.06219498 6.06428558
 6.06627893 6.06818168 6.06444431 6.06630421 6.06808497 6.06979153
 6.07142843 6.07299986 6.07450966 6.0759614  6.07735835 6.07870356
 6.07999986 6.08124986 6.082456   6.07155158 6.06864393 6.06999986
 6.07131134 6.07258051 6.07380938 6.07499986 6.07615371 6.07727259
 6.07835807 6.07941163 6.08043464 6.08142843 6.08239423 6.08333319
 6.08424644 6.085135   6.08599986 6.08684197 6.0876622  6.0884614
 6.08924037 6.08999986 6.0907406  6.09146327 6.09216853 6.092857
 6.09352927 6.09418591 6.09482745 6.09545441 6.09606728 6.09666653
 6.09725261 6.09782595 6.09838696 6.09893603 6.09947354 6.08177069
 6.08247409 6.08316312 6.08383824 6.08449986]