[5.         4.         3.66666667 3.75       3.8        4.16666667
 4.85714286 5.375      5.88888889 5.7        6.18181818 5.91666667
 6.76923077 6.57142857 6.53333333 6.5625     6.47058824 6.55555556
 6.47368421 6.4        6.33333333 6.36363636 6.52173913 6.45833333
 6.36       6.38461538 6.44444444 6.39285714 6.62068966 6.53333333
 6.41935484 6.46875    6.51515152 6.61764706 6.82857143 6.83333333
 6.72972973 7.         7.17948718 7.1        7.17073171 7.19047619
 7.20930233 7.09090909 7.11111111 7.02173913 6.93617021 6.95833333
 7.06122449 7.         7.03921569 7.05769231 7.1509434  7.09259259
 7.01818182 7.03571429 7.03508772 7.01724138 7.01694915 7.06666667
 7.14754098 7.14516129 7.11111111 7.171875   7.12307692 7.06060606
 7.07462687 7.10294118 7.13043478 7.21428571 7.15492958 7.18055556
 7.23287671 7.22972973 7.22666667 7.26315789 7.35064935 7.34615385
 7.36708861 7.375      7.35802469 7.36585366 7.37349398 7.4047619
 7.43529412 7.45348837 7.44827586 7.43181818 7.43820225 7.37777778
 7.41758242 7.39130435 7.33333333 7.34042553 7.34736842 7.33333333
 7.34020619 7.30612245 7.27272727 7.35      ]