[11.         10.          9.33333333  9.5         9.          7.83333333
  7.          6.75        6.22222222  6.7         6.27272727  6.
  6.15384615  5.92857143  5.8         5.5         5.70588235  5.94444444
  5.84210526  6.05        6.04761905  6.09090909  6.17391304  6.25
  6.08        6.23076923  6.18518519  6.14285714  6.34482759  6.4
  6.29032258  6.25        6.27272727  6.23529412  6.14285714  6.19444444
  6.05405405  6.05263158  6.23076923  6.175       6.14634146  6.16666667
  6.1627907   6.11363636  6.11111111  6.15217391  6.10638298  6.16666667
  6.18367347  6.14        6.09803922  6.01923077  6.05660377  6.01851852
  6.01818182  5.96428571  5.98245614  6.01724138  6.18644068  6.18333333
  6.19672131  6.11290323  6.12698413  6.140625    6.10769231  6.13636364
  6.1641791   6.10294118  6.17391304  6.14285714  6.12676056  6.18055556
  6.10958904  6.12162162  6.16        6.11842105  6.09090909  6.12820513
  6.12658228  6.1         6.04938272  6.          6.          6.01190476
  6.03529412  6.02325581  5.98850575  6.          5.98876404  5.98888889
  6.03296703  6.04347826  6.08602151  6.06382979  6.07368421  6.07291667
  6.09278351  6.12244898  6.1010101   6.11      ]