[5.         5.5        6.33333333 6.5        7.2        7.5
 7.85714286 7.625      7.33333333 7.         6.81818182 6.66666667
 6.61538462 6.35714286 6.46666667 6.5625     6.64705882 6.66666667
 6.57894737 6.65       6.76190476 6.77272727 6.60869565 6.75
 6.64       6.69230769 6.74074074 6.71428571 6.5862069  6.56666667
 6.5483871  6.6875     6.60606061 6.52941176 6.45714286 6.47222222
 6.40540541 6.36842105 6.23076923 6.225      6.24390244 6.14285714
 6.23255814 6.29545455 6.28888889 6.32608696 6.31914894 6.3125
 6.20408163 6.18       6.19607843 6.19230769 6.16981132 6.12962963
 6.16363636 6.19642857 6.28070175 6.24137931 6.30508475 6.26666667
 6.26229508 6.22580645 6.23809524 6.296875   6.29230769 6.31818182
 6.32835821 6.29411765 6.30434783 6.27142857 6.26760563 6.25
 6.23287671 6.2972973  6.25333333 6.25       6.25974026 6.21794872
 6.17721519 6.175      6.19753086 6.18292683 6.1686747  6.10714286
 6.07058824 6.01162791 6.06896552 6.07954545 6.08988764 6.12222222
 6.0989011  6.11956522 6.08602151 6.07446809 6.10526316 6.07291667
 6.07216495 6.05102041 6.07070707 6.04      ]