[4.         7.5        9.         7.75       8.2        7.83333333
 8.         7.875      7.55555556 7.1        7.36363636 7.5
 7.53846154 7.5        7.33333333 8.         8.         8.16666667
 8.21052632 8.1        7.85714286 7.86363636 7.65217391 7.54166667
 7.48       7.46153846 7.37037037 7.39285714 7.44827586 7.6
 7.93548387 7.78125    7.75757576 7.76470588 7.62857143 7.61111111
 7.64864865 7.73684211 7.82051282 7.775      7.70731707 7.80952381
 7.88372093 7.84090909 7.8        7.76086957 7.78723404 7.70833333
 7.6122449  7.6        7.56862745 7.53846154 7.83018868 7.77777778
 7.85454545 7.91071429 8.07017544 8.03448276 8.13559322 8.11666667
 8.03278689 7.93548387 7.88888889 7.953125   7.90769231 7.87878788
 8.         7.95588235 7.88405797 7.91428571 7.88732394 7.86111111
 7.84931507 8.09459459 8.08       8.05263158 8.02597403 8.02564103
 8.08860759 8.0875     8.04938272 7.98780488 8.12048193 8.04761905
 8.         8.02325581 7.98850575 7.95454545 7.94382022 7.92222222
 7.87912088 7.85869565 7.88172043 7.96808511 7.98947368 8.10416667
 8.04123711 8.02040816 7.97979798 7.97      ]