[10.          8.5        13.         12.         10.6        10.66666667
 10.14285714 10.375       9.77777778  9.          8.27272727  8.16666667
  8.23076923  8.14285714  8.          8.          8.23529412  8.11111111
  8.05263158  7.9         8.          7.95454545  7.86956522  7.95833333
  7.96        7.73076923  7.48148148  7.39285714  7.37931034  7.53333333
  7.58064516  7.65625     7.78787879  7.76470588  7.77142857  7.77777778
  7.7027027   7.68421053  7.71794872  7.675       7.73170732  7.61904762
  7.51162791  7.47727273  7.53333333  7.5         7.68085106  7.625
  7.59183673  7.66        7.68627451  7.69230769  7.58490566  7.61111111
  7.6         7.57142857  7.64912281  7.65517241  7.6440678   7.55
  7.52459016  7.53225806  7.50793651  7.5625      7.58461538  7.51515152
  7.47761194  7.48529412  7.43478261  7.47142857  7.45070423  7.44444444
  7.47945205  7.40540541  7.37333333  7.36842105  7.35064935  7.41025641
  7.41772152  7.375       7.45679012  7.59756098  7.63855422  7.72619048
  7.69411765  7.72093023  7.71264368  7.88636364  7.8988764   7.88888889
  7.91208791  7.88043478  7.82795699  7.80851064  7.81052632  7.79166667
  7.74226804  7.76530612  7.7979798   7.86      ]