[6.         5.5        6.66666667 6.75       7.2        7.83333333
 8.         7.75       7.33333333 7.8        7.63636364 7.58333333
 7.61538462 7.85714286 7.8        7.75       7.47058824 7.38888889
 7.52631579 7.35       7.61904762 7.72727273 7.82608696 7.91666667
 7.88       7.92307692 7.88888889 8.         7.89655172 7.76666667
 7.80645161 7.9375     7.78787879 7.91176471 7.77142857 7.72222222
 7.81081081 7.76315789 7.69230769 7.8        8.02439024 8.02380952
 8.02325581 7.97727273 7.91111111 8.02173913 8.         8.02083333
 8.06122449 8.02       7.96078431 7.84615385 7.88679245 7.96296296
 8.01818182 8.         8.15789474 8.17241379 8.06779661 8.18333333
 8.13114754 8.16129032 8.22222222 8.3125     8.35384615 8.39393939
 8.35820896 8.35294118 8.26086957 8.25714286 8.21126761 8.27777778
 8.38356164 8.33783784 8.48       8.47368421 8.48051948 8.5
 8.43037975 8.475      8.39506173 8.46341463 8.46987952 8.47619048
 8.50588235 8.48837209 8.47126437 8.45454545 8.39325843 8.41111111
 8.37362637 8.47826087 8.46236559 8.43617021 8.44210526 8.39583333
 8.36082474 8.36734694 8.42424242 8.5       ]