[9.         9.5        8.         6.         6.         5.83333333
 6.         6.625      7.33333333 7.3        8.18181818 8.
 8.         8.85714286 9.         9.1875     9.11764706 9.
 8.89473684 8.55       8.42857143 8.27272727 8.26086957 8.08333333
 8.44       8.38461538 8.40740741 8.71428571 8.68965517 8.5
 8.35483871 8.28125    8.39393939 8.44117647 8.62857143 8.58333333
 8.51351351 8.55263158 8.84615385 8.925      8.75609756 8.83333333
 8.72093023 8.68181818 8.6        8.60869565 8.53191489 8.4375
 8.53061224 8.6        8.56862745 8.65384615 8.56603774 8.59259259
 8.67272727 8.64285714 8.64912281 8.56896552 8.47457627 8.48333333
 8.45901639 8.53225806 8.6031746  8.546875   8.50769231 8.43939394
 8.47761194 8.48529412 8.52173913 8.44285714 8.49295775 8.47222222
 8.42465753 8.5        8.56       8.47368421 8.71428571 8.70512821
 8.70886076 8.7        8.66666667 8.68292683 8.6626506  8.60714286
 8.56470588 8.59302326 8.6091954  8.60227273 8.56179775 8.6
 8.6043956  8.58695652 8.59139785 8.65957447 8.63157895 8.64583333
 8.59793814 8.62244898 8.5959596  8.66      ]