[18.         18.         18.         18.         18.         18.
 18.         17.         17.11111111 17.2        17.27272727 17.33333333
 17.38461538 17.42857143 17.46666667 17.5        17.52941176 17.55555556
 17.57894737 17.6        17.61904762 17.63636364 17.65217391 17.66666667
 17.68       17.69230769 17.7037037  17.71428571 17.72413793 17.73333333
 17.74193548 17.75       17.75757576 17.70588235 17.71428571 17.72222222
 17.72972973 17.73684211 17.74358974 17.75       17.75609756 17.76190476
 17.76744186 17.77272727 17.77777778 17.7826087  17.78723404 17.79166667
 17.79591837 17.8        17.76470588 17.76923077 17.77358491 17.77777778
 17.78181818 17.78571429 17.78947368 17.79310345 17.79661017 17.8
 17.80327869 17.77419355 17.77777778 17.78125    17.78461538 17.78787879
 17.79104478 17.67647059 17.68115942 17.68571429 17.69014085 17.69444444
 17.69863014 17.7027027  17.70666667 17.71052632 17.71428571 17.71794872
 17.72151899 17.725      17.72839506 17.63414634 17.63855422 17.64285714
 17.64705882 17.65116279 17.65517241 17.65909091 17.66292135 17.66666667
 17.67032967 17.67391304 17.59139785 17.59574468 17.6        17.60416667
 17.60824742 17.6122449  17.61616162 17.62      ]