[20.         20.         20.         20.         20.         20.
 20.         20.         20.         20.         20.         20.
 20.         20.         20.         20.         20.         20.
 20.         20.         20.         19.54545455 19.56521739 19.58333333
 19.6        19.61538462 19.62962963 19.64285714 19.65517241 19.66666667
 19.67741935 19.6875     19.6969697  19.70588235 19.71428571 19.72222222
 19.72972973 19.73684211 19.74358974 19.75       19.75609756 19.71428571
 19.48837209 19.45454545 19.46666667 19.47826087 19.4893617  19.5
 19.51020408 19.52       19.52941176 19.53846154 19.54716981 19.55555556
 19.56363636 19.57142857 19.57894737 19.5862069  19.59322034 19.6
 19.60655738 19.61290323 19.61904762 19.625      19.63076923 19.63636364
 19.64179104 19.64705882 19.65217391 19.65714286 19.66197183 19.66666667
 19.67123288 19.67567568 19.68       19.68421053 19.68831169 19.69230769
 19.69620253 19.7        19.7037037  19.70731707 19.71084337 19.71428571
 19.71764706 19.72093023 19.72413793 19.72727273 19.73033708 19.73333333
 19.73626374 19.73913043 19.74193548 19.74468085 19.74736842 19.75
 19.75257732 19.75510204 19.75757576 19.76      ]