[16.         16.         16.         16.         16.         16.
 16.         16.         16.         16.         16.         16.
 15.53846154 15.57142857 15.6        15.625      15.64705882 15.66666667
 15.68421053 15.7        15.71428571 15.72727273 15.73913043 15.75
 15.76       15.76923077 15.77777778 15.78571429 15.79310345 15.8
 15.80645161 15.8125     15.81818182 15.82352941 15.85714286 15.86111111
 15.86486486 15.86842105 15.87179487 15.875      15.87804878 15.88095238
 15.88372093 15.88636364 15.88888889 15.89130435 15.89361702 15.89583333
 15.89795918 15.9        15.90196078 15.90384615 15.90566038 15.90740741
 15.90909091 15.91071429 15.9122807  15.9137931  15.91525424 15.91666667
 15.91803279 15.91935484 15.92063492 15.921875   15.92307692 15.92424242
 15.92537313 15.92647059 15.92753623 15.92857143 15.92957746 15.93055556
 15.93150685 15.93243243 15.85333333 15.85526316 15.85714286 15.85897436
 15.86075949 15.8625     15.86419753 15.86585366 15.86746988 15.86904762
 15.87058824 15.87209302 15.87356322 15.875      15.87640449 15.87777778
 15.87912088 15.88043478 15.88172043 15.88297872 15.88421053 15.88541667
 15.88659794 15.8877551  15.88888889 15.89      ]