[22.         22.         22.         22.         22.         22.
 22.         22.         22.         22.         22.         22.
 22.         22.         22.         22.         21.88235294 21.88888889
 21.89473684 21.9        21.9047619  21.90909091 21.91304348 21.91666667
 21.92       21.92307692 21.92592593 21.92857143 21.93103448 21.93333333
 21.93548387 21.9375     21.93939394 21.94117647 21.6        21.61111111
 21.62162162 21.63157895 21.64102564 21.65       21.65853659 21.66666667
 21.6744186  21.68181818 21.42222222 21.39130435 21.40425532 21.41666667
 21.42857143 21.44       21.45098039 21.46153846 21.47169811 21.48148148
 21.49090909 21.5        21.50877193 21.51724138 21.52542373 21.53333333
 21.54098361 21.5483871  21.55555556 21.5625     21.56923077 21.57575758
 21.58208955 21.58823529 21.5942029  21.6        21.57746479 21.58333333
 21.5890411  21.59459459 21.57333333 21.57894737 21.58441558 21.58974359
 21.59493671 21.6        21.60493827 21.6097561  21.61445783 21.61904762
 21.62352941 21.62790698 21.63218391 21.63636364 21.64044944 21.64444444
 21.64835165 21.65217391 21.65591398 21.63829787 21.64210526 21.64583333
 21.5257732  21.53061224 21.53535354 21.54      ]