[18.         18.         18.         18.         18.         18.
 18.         18.         18.         18.         18.         18.
 18.         18.         18.         18.         18.         18.
 18.         18.         18.         18.         18.         18.
 18.         18.         18.         18.         18.         18.
 17.74193548 17.75       17.75757576 17.76470588 17.77142857 17.77777778
 17.78378378 17.78947368 17.79487179 17.8        17.80487805 17.80952381
 17.81395349 17.81818182 17.82222222 17.82608696 17.82978723 17.83333333
 17.83673469 17.84       17.84313725 17.84615385 17.8490566  17.85185185
 17.85454545 17.85714286 17.85964912 17.86206897 17.86440678 17.86666667
 17.86885246 17.87096774 17.87301587 17.875      17.87692308 17.87878788
 17.88059701 17.88235294 17.88405797 17.88571429 17.88732394 17.88888889
 17.89041096 17.89189189 17.89333333 17.89473684 17.8961039  17.8974359
 17.89873418 17.9        17.90123457 17.90243902 17.90361446 17.9047619
 17.90588235 17.90697674 17.90804598 17.90909091 17.91011236 17.91111111
 17.91208791 17.91304348 17.91397849 17.91489362 17.91578947 17.91666667
 17.91752577 17.91836735 17.91919192 17.92      ]