[22.         22.         22.         22.         22.         22.
 22.         22.         22.         22.         22.         22.
 22.         22.         22.         21.25       21.17647059 21.22222222
 21.26315789 21.3        21.33333333 21.36363636 21.39130435 21.41666667
 21.44       21.46153846 21.48148148 21.5        21.44827586 21.46666667
 21.48387097 21.5        21.51515152 21.52941176 21.54285714 21.55555556
 21.56756757 21.57894737 21.53846154 21.55       21.56097561 21.57142857
 21.58139535 21.59090909 21.6        21.60869565 21.61702128 21.625
 21.63265306 21.64       21.64705882 21.65384615 21.66037736 21.66666667
 21.67272727 21.67857143 21.68421053 21.68965517 21.69491525 21.7
 21.70491803 21.70967742 21.71428571 21.71875    21.72307692 21.72727273
 21.73134328 21.73529412 21.73913043 21.74285714 21.74647887 21.75
 21.75342466 21.75675676 21.76       21.76315789 21.76623377 21.76923077
 21.7721519  21.775      21.77777778 21.7804878  21.78313253 21.78571429
 21.78823529 21.79069767 21.79310345 21.79545455 21.79775281 21.8
 21.8021978  21.80434783 21.80645161 21.80851064 21.81052632 21.8125
 21.81443299 21.81632653 21.81818182 21.82      ]