[18.         18.         18.         18.         18.         18.
 18.         18.         18.         18.         18.         18.
 18.         18.         18.         18.         18.         18.
 18.         18.         18.         18.         18.         18.
 18.         18.         18.         18.         18.         18.
 18.         18.         18.         18.         18.         18.
 18.         18.02631579 18.02564103 18.025      18.02439024 18.02380952
 18.02325581 18.02272727 18.02222222 18.02173913 18.0212766  18.02083333
 18.02040816 18.02       18.01960784 18.01923077 18.01886792 18.01851852
 18.01818182 18.01785714 18.01754386 18.01724138 18.01694915 18.01666667
 18.01639344 18.01612903 18.01587302 18.015625   18.01538462 18.01515152
 18.01492537 18.01470588 18.01449275 18.01428571 18.01408451 18.01388889
 18.01369863 18.01351351 18.01333333 18.01315789 18.01298701 18.01282051
 18.01265823 18.0125     18.01234568 18.01219512 18.01204819 18.01190476
 18.01176471 18.01162791 18.01149425 18.01136364 18.01123596 18.01111111
 18.01098901 18.01086957 18.01075269 18.0106383  18.01052632 18.01041667
 18.01030928 18.01020408 18.01010101 18.01      ]