[22.         22.         22.         22.         22.         22.
 22.         22.         22.         22.         22.         22.
 22.         22.         22.         21.875      21.88235294 21.88888889
 21.89473684 21.8        21.71428571 21.72727273 21.73913043 21.75
 21.76       21.76923077 21.77777778 21.78571429 21.79310345 21.8
 21.80645161 21.75       21.75757576 21.76470588 21.77142857 21.77777778
 21.78378378 21.78947368 21.79487179 21.8        21.80487805 21.80952381
 21.81395349 21.81818182 21.82222222 21.82608696 21.82978723 21.83333333
 21.83673469 21.84       21.84313725 21.84615385 21.81132075 21.81481481
 21.81818182 21.82142857 21.8245614  21.82758621 21.79661017 21.8
 21.80327869 21.80645161 21.80952381 21.8125     21.81538462 21.81818182
 21.82089552 21.82352941 21.82608696 21.82857143 21.83098592 21.83333333
 21.83561644 21.83783784 21.84       21.84210526 21.84415584 21.84615385
 21.84810127 21.85       21.85185185 21.85365854 21.85542169 21.85714286
 21.83529412 21.8372093  21.83908046 21.84090909 21.84269663 21.84444444
 21.84615385 21.84782609 21.84946237 21.85106383 21.85263158 21.85416667
 21.8556701  21.85714286 21.85858586 21.86      ]