[20.         20.         20.         20.         20.         20.
 20.         20.         20.         20.         19.09090909 19.16666667
 19.23076923 19.28571429 19.33333333 19.375      19.41176471 19.44444444
 19.47368421 19.5        19.52380952 19.54545455 19.56521739 19.58333333
 19.6        19.61538462 19.62962963 19.64285714 19.65517241 19.66666667
 19.67741935 19.6875     19.6969697  19.70588235 19.71428571 19.72222222
 19.72972973 19.73684211 19.74358974 19.75       19.75609756 19.76190476
 19.76744186 19.77272727 19.77777778 19.7826087  19.78723404 19.79166667
 19.79591837 19.6        19.60784314 19.61538462 19.62264151 19.62962963
 19.63636364 19.64285714 19.64912281 19.65517241 19.66101695 19.66666667
 19.67213115 19.67741935 19.68253968 19.6875     19.69230769 19.6969697
 19.70149254 19.70588235 19.71014493 19.71428571 19.71830986 19.72222222
 19.7260274  19.72972973 19.73333333 19.73684211 19.74025974 19.74358974
 19.74683544 19.75       19.75308642 19.75609756 19.75903614 19.76190476
 19.76470588 19.76744186 19.77011494 19.77272727 19.7752809  19.77777778
 19.78021978 19.7826087  19.78494624 19.78723404 19.78947368 19.79166667
 19.79381443 19.79591837 19.7979798  19.8       ]