[22.         22.         22.         22.         22.         22.
 21.71428571 21.75       21.77777778 21.8        21.81818182 21.83333333
 21.84615385 21.85714286 21.86666667 21.875      21.88235294 21.88888889
 21.89473684 21.9        21.9047619  21.90909091 21.91304348 21.91666667
 21.92       21.92307692 21.92592593 21.92857143 21.93103448 21.93333333
 21.93548387 21.9375     21.57575758 21.58823529 21.6        21.61111111
 21.62162162 21.63157895 21.64102564 21.65       21.65853659 21.66666667
 21.6744186  21.68181818 21.68888889 21.69565217 21.70212766 21.70833333
 21.71428571 21.72       21.7254902  21.73076923 21.73584906 21.74074074
 21.74545455 21.75       21.75438596 21.75862069 21.76271186 21.76666667
 21.7704918  21.74193548 21.74603175 21.75       21.75384615 21.75757576
 21.76119403 21.76470588 21.76811594 21.77142857 21.74647887 21.75
 21.75342466 21.75675676 21.76       21.76315789 21.76623377 21.76923077
 21.7721519  21.775      21.77777778 21.7804878  21.78313253 21.78571429
 21.78823529 21.79069767 21.79310345 21.79545455 21.79775281 21.8
 21.8021978  21.80434783 21.80645161 21.80851064 21.81052632 21.8125
 21.81443299 21.81632653 21.81818182 21.82      ]