[20.         20.         20.         20.         20.         20.
 20.         18.75       18.88888889 19.         19.09090909 19.16666667
 19.23076923 19.28571429 19.33333333 19.375      19.41176471 19.44444444
 19.47368421 19.5        19.52380952 19.54545455 19.56521739 19.58333333
 19.6        19.61538462 19.62962963 19.64285714 19.65517241 19.33333333
 19.35483871 19.375      19.39393939 19.41176471 19.42857143 19.44444444
 19.45945946 19.47368421 19.48717949 19.5        19.51219512 19.52380952
 19.53488372 19.54545455 19.55555556 19.56521739 19.57446809 19.58333333
 19.59183673 19.6        19.60784314 19.61538462 19.62264151 19.62962963
 19.63636364 19.64285714 19.64912281 19.65517241 19.66101695 19.66666667
 19.67213115 19.67741935 19.68253968 19.6875     19.69230769 19.6969697
 19.70149254 19.70588235 19.71014493 19.71428571 19.71830986 19.72222222
 19.7260274  19.72972973 19.73333333 19.73684211 19.74025974 19.74358974
 19.74683544 19.75       19.75308642 19.75609756 19.75903614 19.73809524
 19.74117647 19.72093023 19.72413793 19.72727273 19.73033708 19.73333333
 19.73626374 19.73913043 19.74193548 19.74468085 19.74736842 19.75
 19.75257732 19.75510204 19.73737374 19.74      ]