[18.         18.         18.         18.         18.         18.
 18.         18.         18.         18.         18.         18.
 18.         18.         18.         18.         18.         18.
 18.         17.6        17.61904762 17.63636364 17.65217391 17.66666667
 17.68       17.69230769 17.7037037  17.71428571 17.44827586 17.46666667
 17.48387097 17.5        17.51515152 17.52941176 17.54285714 17.55555556
 17.56756757 17.57894737 17.58974359 17.6        17.6097561  17.61904762
 17.62790698 17.63636364 17.64444444 17.65217391 17.65957447 17.66666667
 17.67346939 17.68       17.68627451 17.69230769 17.69811321 17.7037037
 17.70909091 17.71428571 17.71929825 17.72413793 17.72881356 17.73333333
 17.7704918  17.77419355 17.77777778 17.78125    17.78461538 17.78787879
 17.79104478 17.79411765 17.79710145 17.8        17.8028169  17.80555556
 17.80821918 17.81081081 17.70666667 17.71052632 17.71428571 17.71794872
 17.72151899 17.725      17.72839506 17.73170732 17.73493976 17.73809524
 17.74117647 17.74418605 17.74712644 17.75       17.75280899 17.75555556
 17.75824176 17.76086957 17.76344086 17.76595745 17.76842105 17.77083333
 17.77319588 17.7755102  17.77777778 17.78      ]