[18.         18.         18.         18.         18.4        18.33333333
 18.28571429 18.25       18.22222222 17.4        17.45454545 16.83333333
 16.92307692 17.14285714 17.33333333 17.375      17.41176471 17.55555556
 17.57894737 17.6        17.61904762 17.63636364 17.65217391 17.66666667
 17.68       17.69230769 17.7037037  17.71428571 17.72413793 17.73333333
 17.74193548 17.75       17.75757576 17.76470588 17.82857143 17.83333333
 17.83783784 17.84210526 17.84615385 17.85       17.85365854 17.85714286
 17.90697674 17.90909091 17.91111111 17.91304348 17.95744681 18.
 18.         18.         18.         18.         18.         18.
 18.         18.         18.         18.         18.         18.
 18.         18.         18.         18.         18.         18.
 18.         18.         18.02898551 18.02857143 18.02816901 18.02777778
 18.02739726 18.02702703 18.02666667 18.02631579 18.02597403 18.02564103
 18.02531646 18.025      18.02469136 18.02439024 18.02409639 18.02380952
 18.02352941 18.02325581 18.02298851 18.02272727 18.02247191 18.02222222
 18.02197802 18.02173913 18.02150538 18.0212766  18.02105263 18.04166667
 18.04123711 18.04081633 18.04040404 18.04      ]