[20.         20.         20.         20.         18.         18.33333333
 18.57142857 18.75       17.77777778 18.         18.18181818 18.33333333
 18.46153846 18.57142857 18.66666667 18.75       18.82352941 18.88888889
 18.94736842 19.         19.04761905 19.09090909 19.13043478 19.16666667
 19.2        19.23076923 19.25925926 19.28571429 19.31034483 19.33333333
 19.35483871 19.375      19.39393939 19.41176471 19.42857143 19.44444444
 19.45945946 19.47368421 19.23076923 19.25       19.26829268 19.28571429
 19.30232558 19.31818182 19.33333333 19.34782609 19.36170213 19.375
 19.3877551  19.4        19.41176471 19.42307692 19.43396226 19.44444444
 19.45454545 19.46428571 19.47368421 19.48275862 19.49152542 19.5
 19.50819672 19.51612903 19.52380952 19.53125    19.53846154 19.54545455
 19.55223881 19.55882353 19.56521739 19.57142857 19.57746479 19.58333333
 19.5890411  19.59459459 19.6        19.60526316 19.61038961 19.61538462
 19.62025316 19.625      19.62962963 19.63414634 19.63855422 19.64285714
 19.64705882 19.65116279 19.65517241 19.65909091 19.66292135 19.66666667
 19.67032967 19.67391304 19.67741935 19.68085106 19.68421053 19.6875
 19.69072165 19.69387755 19.6969697  19.7       ]