[18.         18.         18.         18.         18.         18.33333333
 18.28571429 18.25       18.22222222 18.2        18.18181818 18.16666667
 18.15384615 18.14285714 18.13333333 18.125      18.11764706 18.11111111
 18.10526316 18.1        18.0952381  18.09090909 18.08695652 18.08333333
 18.08       18.07692308 18.07407407 18.07142857 18.06896552 18.06666667
 18.06451613 18.0625     17.81818182 17.82352941 17.82857143 17.83333333
 17.89189189 17.89473684 17.8974359  17.9        17.90243902 17.9047619
 17.90697674 17.90909091 17.91111111 17.91304348 17.91489362 17.91666667
 17.91836735 17.92       17.92156863 17.92307692 17.9245283  17.92592593
 17.92727273 17.92857143 17.92982456 17.93103448 17.93220339 17.93333333
 17.93442623 17.93548387 17.93650794 17.9375     17.93846154 17.93939394
 17.94029851 17.94117647 17.94202899 17.94285714 17.94366197 17.83333333
 17.83561644 17.83783784 17.84       17.84210526 17.84415584 17.84615385
 17.84810127 17.85       17.85185185 17.85365854 17.85542169 17.76190476
 17.76470588 17.76744186 17.77011494 17.77272727 17.7752809  17.77777778
 17.78021978 17.7826087  17.78494624 17.78723404 17.78947368 17.79166667
 17.79381443 17.79591837 17.7979798  17.8       ]