[22.         22.         22.         22.         22.         22.
 22.         22.         22.         22.         22.         22.
 22.         22.         22.         22.         22.         22.
 22.         22.         22.         22.         22.         22.
 22.         22.         22.         22.         22.         22.
 22.         22.         22.         22.         22.         22.
 22.         22.         22.         22.         22.         22.
 22.         22.         22.         22.         22.         22.
 22.         22.         22.         22.         22.         22.
 22.         22.         22.         22.         22.         22.
 22.         21.80645161 21.80952381 21.8125     21.81538462 21.81818182
 21.82089552 21.82352941 21.82608696 21.82857143 21.83098592 21.83333333
 21.83561644 21.83783784 21.84       21.84210526 21.84415584 21.84615385
 21.84810127 21.85       21.85185185 21.85365854 21.85542169 21.85714286
 21.85882353 21.86046512 21.86206897 21.86363636 21.86516854 21.86666667
 21.86813187 21.86956522 21.87096774 21.87234043 21.87368421 21.875
 21.87628866 21.87755102 21.87878788 21.88      ]