[22.         22.         22.         22.         22.         22.
 22.         21.75       21.77777778 21.8        21.81818182 21.83333333
 21.84615385 21.85714286 21.86666667 21.875      21.88235294 21.88888889
 21.89473684 21.9        21.9047619  21.90909091 21.91304348 21.91666667
 21.92       21.92307692 21.92592593 21.92857143 21.93103448 21.93333333
 21.93548387 21.9375     21.93939394 21.94117647 21.94285714 21.94444444
 21.94594595 21.94736842 21.94871795 21.95       21.95121951 21.95238095
 21.95348837 21.95454545 21.95555556 21.95652174 21.95744681 21.95833333
 21.95918367 21.96       21.96078431 21.96153846 21.96226415 21.96296296
 21.96363636 21.96428571 21.92982456 21.93103448 21.93220339 21.93333333
 21.93442623 21.93548387 21.93650794 21.90625    21.90769231 21.90909091
 21.91044776 21.91176471 21.91304348 21.91428571 21.91549296 21.91666667
 21.91780822 21.91891892 21.92       21.92105263 21.92207792 21.92307692
 21.92405063 21.925      21.92592593 21.92682927 21.92771084 21.92857143
 21.92941176 21.93023256 21.93103448 21.93181818 21.93258427 21.93333333
 21.93406593 21.93478261 21.93548387 21.93617021 21.93684211 21.9375
 21.93814433 21.93877551 21.93939394 21.94      ]