[22.         22.         18.         19.         19.6        20.
 20.28571429 20.5        20.66666667 20.8        20.90909091 21.
 21.07692308 21.14285714 21.2        21.25       21.29411765 21.33333333
 21.36842105 21.4        21.42857143 21.45454545 21.47826087 21.5
 21.52       21.53846154 21.55555556 21.57142857 21.5862069  21.6
 21.61290323 21.625      21.63636364 21.64705882 21.65714286 21.66666667
 21.67567568 21.68421053 21.69230769 21.7        21.70731707 21.71428571
 21.72093023 21.72727273 21.73333333 21.73913043 21.74468085 21.75
 21.75510204 21.76       21.76470588 21.76923077 21.77358491 21.77777778
 21.78181818 21.78571429 21.78947368 21.79310345 21.79661017 21.8
 21.80327869 21.80645161 21.80952381 21.8125     21.81538462 21.81818182
 21.82089552 21.82352941 21.82608696 21.82857143 21.83098592 21.83333333
 21.83561644 21.83783784 21.84       21.84210526 21.84415584 21.84615385
 21.82278481 21.825      21.82716049 21.82926829 21.8313253  21.69047619
 21.69411765 21.69767442 21.70114943 21.70454545 21.70786517 21.71111111
 21.71428571 21.7173913  21.72043011 21.72340426 21.72631579 21.72916667
 21.73195876 21.73469388 21.73737374 21.74      ]